2,3.41,6.47,6.39
5,3.46,6.45,6.41
7,3.42,6.42,6.40
14,3.42,6.37,6.45
14,3.42,6.36,6.51
14,3.39,6.36,6.57
17,3.38,6.26,6.63
19,3.34,6.26,6.68
21,3.27,6.26,6.73
25,3.33,6.26,6.74
27,3.27,6.27,6.84
29,3.25,6.27,6.92
33,3.27,6.31,6.86
33,3.29,6.30,6.71
37,3.23,6.28,6.57
39,3.17,6.23,6.28
43,3.08,6.12,6.22
43,2.95,6.02,6.05
47,2.74,5.95,6.12
49,2.55,5.99,6.22
52,2.53,6.11,6.30
53,2.44,6.18,6.26
64,2.34,6.12,6.26
65,2.26,6.01,6.33
66,2.21,5.92,6.26
66,2.26,5.87,6.14
66,2.22,5.82,6.06
68,2.22,5.81,5.97
71,2.15,5.81,5.93
83,2.17,5.80,5.82
84,2.16,5.83,5.77
84,2.21,5.85,5.74
84,2.26,5.83,5.81
84,2.26,5.79,5.82
86,2.31,5.71,5.80
88,2.34,5.65,5.89
100,2.34,5.61,5.79
101,2.32,5.57,5.79
101,2.36,5.59,5.82
101,2.40,5.55,5.88
102,2.46,5.60,5.83
105,2.41,5.57,5.82
110,2.41,5.52,5.83
110,2.51,5.52,5.81
111,2.55,5.51,5.71
113,2.59,5.53,5.63
117,2.63,5.54,5.64
118,2.71,5.52,5.58
122,2.74,5.51,5.60
132,2.75,5.55,5.59
132,2.78,5.55,5.50
132,2.87,5.56,5.44
133,2.90,5.58,5.38
133,2.95,5.54,5.35
136,3.05,5.57,5.28
139,3.13,5.56,5.25
143,3.15,5.53,5.26
144,3.17,5.52,5.28
147,3.21,5.55,5.30
148,3.25,5.44,5.36
151,3.31,5.36,5.43
153,3.31,5.36,5.41
160,3.28,5.28,5.39
160,3.32,5.29,5.31
161,3.32,5.38,5.25
164,3.35,5.42,5.17
167,3.36,5.45,5.21
168,3.37,5.50,5.26
182,3.47,5.36,5.27
182,3.48,5.44,5.24
183,3.43,5.68,5.19
183,3.43,5.75,5.24
184,3.40,5.67,5.31
184,3.40,5.62,5.23
187,3.38,5.61,5.20
189,3.40,5.61,5.17
198,3.34,5.64,5.28
198,3.28,5.68,5.28
199,3.24,5.75,5.43
199,3.24,5.81,5.52
202,3.19,5.82,5.63
204,3.17,5.84,5.81
210,3.21,5.79,6.03
210,3.16,5.76,6.34
214,3.17,5.71,6.59
214,3.22,5.66,6.88
217,3.26,5.62,7.08
219,3.28,5.62,7.29
222,3.32,5.66,7.48
232,3.33,5.67,7.69
232,3.37,5.68,7.94
233,3.37,5.70,8.11
233,3.50,5.75,8.31
234,3.53,5.78,8.52
237,3.63,5.80,8.79
239,3.75,5.86,8.91
243,3.80,5.92,9.09
244,3.91,6.02,9.24
247,3.97,6.12,9.42
249,4.07,6.29,9.54
252,4.16,6.45,9.71
254,4.23,6.60,9.96
260,4.31,6.70,10.26
260,4.43,6.86,10.52
262,4.60,7.08,10.79
264,4.65,7.25,11.24
267,4.84,7.46,11.72
269,5.01,7.67,12.21
272,5.17,7.86,12.68
283,5.36,8.02,13.29
283,5.53,8.20,13.95
284,5.80,8.45,14.54
284,6.00,8.61,15.23
284,6.20,8.82,15.86
287,6.38,9.02,16.42
290,6.54,9.20,16.99
299,6.74,9.48,17.40
300,6.94,9.79,17.85
301,7.08,10.12,18.25
301,7.19,10.42,18.62
303,7.21,10.77,18.82
304,7.27,11.09,18.99
310,7.47,11.51,19.22
311,7.42,11.92,19.35
312,7.40,12.35,19.35
314,7.46,12.86,19.41
317,7.42,13.34,19.50
319,7.39,13.72,19.58
322,7.34,14.16,19.68
327,7.26,14.56,19.78
328,7.27,14.89,19.85
329,7.17,15.27,19.93
332,7.10,15.63,20.02
334,7.05,16.03,20.07
337,7.06,16.41,20.19
339,7.08,16.72,20.32
344,7.06,17.05,20.51
344,7.05,17.28,20.57
351,7.06,17.53,20.85
352,7.10,17.73,21.04
353,7.10,17.94,21.21
354,7.06,17.94,21.44
359,7.19,17.90,21.64
359,7.29,17.83,21.86
362,7.15,18.09,22.10
364,7.09,18.34,22.62
367,7.01,18.44,23.15
369,6.92,18.44,23.53
373,6.80,18.30,23.98
377,6.76,18.08,24.37
378,6.61,17.71,24.95
380,6.10,17.47,25.48
382,5.98,17.29,25.94
384,6.08,16.66,26.22
387,6.09,16.39,26.75
395,6.07,16.18,27.04
396,5.91,15.74,26.85
396,5.73,15.45,27.03
398,5.64,15.25,27.22
400,5.54,14.92,27.24
403,5.46,14.64,27.06
405,5.47,14.43,26.90
413,5.30,14.37,26.64
413,5.37,13.82,26.31
414,5.58,13.37,25.96
415,5.72,13.07,25.82
418,5.77,12.60,25.55
420,5.68,12.06,24.90
422,5.59,11.68,24.24
427,5.44,11.58,23.96
428,5.31,11.53,23.66
430,5.24,11.44,23.17
433,5.20,11.31,22.53
434,5.07,11.08,22.03
443,4.99,10.77,21.54
444,4.83,10.41,21.12
445,4.64,10.06,20.60
447,4.44,9.69,20.05
448,4.26,9.45,19.49
450,4.09,9.24,19.09
453,3.83,9.00,18.52
455,3.64,8.76,17.97
460,3.47,8.46,17.42
461,3.26,8.10,16.91
462,3.04,7.73,16.40
465,2.84,7.29,15.87
468,2.67,6.94,15.37
470,2.48,6.53,14.91
473,2.30,6.13,14.34
477,2.16,5.73,13.81
478,2.04,5.36,13.26
480,1.92,4.99,12.75
483,1.81,4.62,12.25
485,1.73,4.25,11.70
488,1.66,3.77,11.21
494,1.57,3.28,10.66
495,1.46,2.79,10.08
496,1.23,2.28,9.60
498,1.07,1.78,9.04
501,0.78,1.34,8.54
504,0.39,0.95,8.06
505,0.14,0.62,7.48
513,-0.09,0.26,7.01
513,-0.39,-0.21,6.51
513,-0.68,-0.57,6.02
515,-1.06,-0.90,5.49
518,-1.33,-1.27,4.96
520,-1.60,-1.77,4.37
523,-1.90,-2.17,3.95
529,-2.23,-2.39,3.43
529,-2.54,-2.52,2.75
530,-2.78,-2.64,2.16
534,-3.06,-2.82,1.59
535,-3.29,-3.05,0.98
539,-3.51,-3.30,0.33
546,-3.75,-3.59,-0.22
547,-3.91,-3.84,-0.75
547,-4.06,-4.08,-1.34
548,-4.28,-4.19,-2.02
550,-4.44,-4.18,-2.76
555,-4.59,-4.09,-3.46
556,-4.68,-4.04,-4.15
562,-4.65,-4.01,-4.77
562,-4.68,-4.05,-5.41
564,-4.67,-4.11,-5.96
565,-4.49,-4.19,-6.35
568,-4.43,-4.26,-6.81
570,-4.36,-4.31,-7.21
578,-4.33,-4.26,-7.55
579,-4.30,-4.30,-7.91
580,-4.30,-4.25,-8.12
581,-4.34,-4.24,-8.39
583,-4.32,-4.27,-8.64
585,-4.32,-4.16,-8.80
588,-4.35,-4.10,-8.89
594,-4.30,-4.04,-8.90
595,-4.27,-3.94,-8.95
595,-4.25,-3.83,-8.79
599,-4.11,-3.77,-8.53
600,-3.98,-3.71,-8.28
603,-3.92,-3.67,-8.05
605,-3.76,-3.75,-7.75
612,-3.55,-3.73,-7.34
612,-3.31,-3.82,-6.96
614,-3.11,-3.86,-6.66
615,-2.91,-3.92,-6.41
619,-2.71,-3.93,-6.15
621,-2.44,-3.91,-5.95
629,-2.23,-3.76,-5.77
629,-1.96,-3.67,-5.60
630,-1.73,-3.53,-5.38
631,-1.52,-3.49,-5.21
634,-1.28,-3.59,-5.09
635,-1.02,-3.58,-4.94
639,-0.71,-3.39,-4.84
645,-0.40,-3.27,-4.81
647,-0.17,-3.26,-4.89
647,0.02,-3.24,-5.03
648,0.19,-3.09,-5.29
651,0.29,-2.79,-5.58
654,0.42,-2.46,-5.90
656,0.59,-2.12,-6.14
662,0.70,-1.88,-6.32
662,0.97,-1.63,-6.50
663,1.19,-1.30,-6.66
666,1.34,-0.97,-6.91
669,1.53,-0.87,-7.20
672,1.60,-1.05,-7.60
674,1.70,-1.18,-7.88
679,1.82,-0.97,-8.16
680,1.91,-0.70,-8.53
681,1.98,-0.52,-9.08
691,2.06,-0.36,-9.56
691,2.09,-0.27,-10.04
691,2.12,-0.11,-10.38
692,2.15,0.07,-10.83
696,2.18,0.15,-11.29
696,2.22,0.24,-11.76
699,2.19,0.34,-12.17
702,2.15,0.41,-12.58
704,2.14,0.63,-13.05
706,2.15,0.84,-13.61
710,2.10,0.85,-14.05
711,2.06,0.90,-14.58
715,2.09,1.08,-15.01
716,2.11,1.20,-15.42
719,2.15,1.31,-15.87
721,2.18,1.46,-16.17
725,2.14,1.57,-16.49
730,2.10,1.71,-16.83
731,2.07,1.77,-17.21
732,1.98,1.82,-17.46
735,1.88,1.87,-17.63
737,1.76,1.88,-17.84
740,1.58,1.91,-17.98
744,1.40,2.03,-18.01
746,1.10,2.15,-17.99
746,0.71,2.29,-17.97
750,0.37,2.38,-17.84
752,0.01,2.34,-17.80
755,-0.33,2.31,-17.81
756,-0.72,2.15,-17.81
762,-1.12,1.98,-17.92
762,-1.54,1.82,-18.21
765,-1.94,1.73,-18.53
767,-2.35,1.64,-19.08
770,-2.72,1.50,-19.67
773,-3.03,1.32,-20.38
778,-3.40,1.06,-21.14
778,-3.65,1.01,-21.89
779,-3.81,1.02,-22.87
782,-3.99,0.90,-23.88
785,-4.16,0.58,-24.85
787,-4.21,0.10,-25.70
790,-4.38,-0.43,-26.58
795,-4.52,-0.93,-27.50
795,-4.63,-1.42,-28.39
796,-4.89,-1.90,-29.38
799,-5.08,-2.31,-30.41
801,-5.24,-2.75,-31.42
804,-5.39,-3.42,-32.39
806,-5.48,-4.27,-33.37
811,-5.58,-5.26,-34.19
812,-5.66,-6.49,-34.92
814,-5.76,-7.67,-35.71
816,-5.80,-8.66,-36.52
819,-5.79,-9.50,-37.61
821,-5.78,-10.16,-38.76
827,-5.82,-10.74,-40.36
827,-5.91,-11.41,-41.95
829,-6.02,-12.39,-43.78
831,-6.15,-13.84,-45.53
834,-6.27,-15.33,-47.53
836,-6.34,-16.84,-49.61
839,-6.30,-18.63,-51.87
845,-6.28,-20.57,-54.17
846,-6.02,-22.39,-56.55
846,-5.56,-24.40,-59.12
849,-5.19,-26.66,-61.78
851,-4.83,-29.16,-64.37
854,-4.41,-30.29,-66.92
856,-4.09,-31.21,-69.07
862,-4.58,-35.80,-71.01
862,-3.81,-40.09,-72.79
865,-1.86,-43.83,-73.72
866,-1.19,-48.09,-74.66
869,-1.22,-51.32,-76.14
872,-0.83,-54.85,-75.89
878,0.21,-60.24,-75.75
879,1.17,-64.65,-75.57
880,1.98,-68.17,-73.98
881,2.80,-72.80,-72.18
884,3.29,-77.94,-70.47
887,3.54,-78.18,-67.40
890,3.61,-78.10,-63.60
894,3.52,-78.16,-59.35
896,3.24,-78.18,-54.46
897,2.82,-78.18,-49.03
899,2.53,-78.18,-42.91
901,1.70,-78.18,-36.36
904,1.20,-78.18,-30.43
906,1.17,-78.18,-24.09
911,0.95,-78.18,-17.91
912,-9.48,-78.18,29.93
914,-2.30,-78.18,13.04
916,4.06,-78.18,-31.71
919,-2.17,-78.18,12.53
921,-2.43,-78.18,17.69
928,-3.44,-78.18,15.14
928,-5.05,-78.18,23.57
929,-6.74,-78.18,28.57
931,-7.76,-78.18,33.33
937,-8.43,-78.18,39.70
938,-8.96,-78.18,44.17
939,-10.21,-78.18,48.47
944,-11.02,-78.18,52.34
945,-11.65,-78.18,55.63
946,-12.17,-78.18,59.07
949,-12.38,-78.18,61.47
952,-12.51,-78.18,63.33
955,-12.73,-78.18,65.01
957,-12.91,-77.23,66.36
962,-13.07,-72.81,67.12
962,-13.13,-68.08,67.19
965,-13.02,-63.77,67.13
967,-12.75,-59.59,66.93
970,-12.46,-55.67,66.37
972,-12.13,-51.95,65.49
981,-11.79,-48.74,64.34
982,-11.41,-45.85,63.47
982,-11.01,-43.45,62.53
983,-10.48,-41.43,61.56
985,-9.90,-39.33,60.66
987,-9.34,-37.16,59.60
990,-8.84,-35.05,58.58
996,-8.47,-33.13,57.56
997,-8.10,-31.39,56.73
1000,-7.64,-29.50,55.72
1003,-7.54,-28.38,54.90
1003,-7.42,-27.28,54.12
1005,-7.45,-26.30,53.22
1008,-7.33,-25.27,52.36
1013,-7.40,-24.09,51.40
1013,-7.48,-22.89,50.53
1021,-7.47,-21.62,49.40
1022,-7.46,-20.51,48.31
1023,-7.53,-19.43,47.23
1023,-7.60,-18.55,46.25
1028,-7.63,-17.62,45.40
1028,-7.73,-16.72,44.48
1030,-7.72,-15.86,43.73
1032,-7.74,-15.08,42.94
1035,-7.68,-14.34,42.30
1037,-7.55,-13.71,41.72
1039,-7.43,-13.18,41.11
1043,-7.39,-12.90,40.56
1045,-7.16,-12.70,40.19
1047,-6.91,-12.55,39.61
1050,-6.67,-12.26,39.03
1052,-6.45,-11.80,38.43
1055,-6.17,-11.26,37.70
1060,-5.79,-10.68,36.98
1061,-5.70,-10.07,36.48
1063,-5.52,-9.56,35.93
1065,-5.25,-9.03,35.35
1067,-5.18,-8.50,34.87
1070,-5.07,-8.02,34.44
1072,-4.96,-7.59,33.99
1080,-4.99,-7.64,33.53
1081,-5.11,-6.97,33.32
1082,-4.88,-6.59,33.02
1082,-5.03,-5.99,32.93
1085,-4.84,-5.73,32.71
1087,-5.04,-5.56,32.62
1090,-4.97,-5.42,32.60
1095,-4.94,-5.50,32.54
1096,-5.00,-5.78,32.64
1097,-4.98,-6.00,32.58
1101,-4.96,-6.16,32.69
1102,-4.86,-6.55,32.86
1106,-4.72,-7.08,32.83
1112,-4.35,-7.56,32.71
1112,-4.18,-8.04,32.70
1113,-3.66,-8.30,32.52
1116,-3.16,-8.19,32.26
1118,-2.89,-7.81,31.83
1120,-2.41,-7.76,31.71
1123,-1.82,-7.45,31.69
1127,-1.48,-7.06,31.42
1128,-1.11,-6.89,31.13
1131,-0.71,-6.71,30.87
1133,-0.48,-6.41,30.67
1136,-0.65,-6.18,30.38
1138,-0.21,-6.14,30.14
1141,0.34,-6.26,29.90
1143,0.77,-6.18,29.78
1145,1.11,-6.10,29.73
1148,1.36,-5.90,29.53
1151,1.52,-5.83,29.49
1153,1.59,-5.88,29.55
1156,1.59,-5.92,29.70
1158,1.69,-5.92,29.89
1161,1.71,-5.50,29.89
1163,1.67,-5.24,30.14
1166,1.76,-5.04,30.36
1168,1.90,-4.79,30.67
1171,2.06,-4.58,30.89
1174,2.27,-4.48,31.02
1179,2.57,-4.38,31.05
1179,2.86,-4.35,31.06
1181,3.14,-4.31,31.02
1183,3.52,-4.45,30.85
1186,3.79,-4.60,30.69
1187,4.15,-4.73,30.51
1191,4.47,-4.89,30.25
1195,4.82,-5.11,29.81
1196,5.12,-5.33,29.46
1199,5.45,-5.51,29.00
1201,5.79,-5.68,28.48
1204,6.04,-5.91,27.95
1206,6.39,-6.03,27.39
1210,6.60,-6.07,26.87
1211,6.83,-5.97,26.27
1213,7.12,-5.81,25.73
1216,7.31,-5.66,25.37
1218,7.45,-5.51,24.81
1221,7.63,-5.39,24.41
1222,7.76,-5.26,23.89
1229,7.82,-5.17,23.32
1229,7.84,-5.16,22.83
1231,7.88,-5.05,22.34
1233,7.82,-4.97,21.90
1240,7.67,-4.93,21.42
1241,7.65,-4.92,21.15
1245,7.56,-4.89,20.74
1246,7.37,-4.88,20.38
1246,7.24,-4.82,19.96
1247,7.06,-4.68,19.56
1251,6.80,-4.66,19.17
1252,6.69,-4.65,18.71
1255,6.52,-4.59,18.31
1261,6.35,-4.53,17.90
1262,6.20,-4.46,17.46
1263,5.98,-4.36,17.05
1266,5.87,-4.23,16.56
1268,5.73,-4.12,16.16
1271,5.60,-3.97,15.74
1273,5.53,-3.91,15.33
1279,5.51,-3.82,14.86
1280,5.39,-3.78,14.41
1281,5.34,-3.76,14.00
1283,5.28,-3.71,13.54
1286,5.11,-3.71,13.16
1288,4.95,-3.66,12.78
1297,4.84,-3.67,12.38
1297,4.73,-3.77,12.05
1298,4.58,-3.95,11.61
1298,4.40,-4.09,11.10
1301,4.23,-4.11,10.69
1303,3.98,-4.04,10.21
1306,3.78,-3.97,9.76
1312,3.64,-3.82,9.43
1313,3.47,-3.65,9.12
1313,3.31,-3.42,8.85
1316,3.15,-3.17,8.45
1318,2.95,-2.95,8.14
1321,2.80,-2.73,7.93
1323,2.68,-2.54,7.75
1329,2.45,-2.42,7.60
1330,2.32,-2.25,7.48
1334,2.17,-2.12,7.42
1334,2.03,-2.01,7.41
1336,1.90,-1.99,7.41
1338,1.82,-1.92,7.41
1345,1.70,-1.88,7.42
1345,1.61,-1.87,7.48
1346,1.56,-1.88,7.47
1349,1.41,-1.76,7.49
1351,1.39,-1.63,7.47
1353,1.35,-1.48,7.44
1356,1.27,-1.30,7.44
1360,1.18,-1.21,7.45
1361,1.16,-1.13,7.39
1363,1.05,-1.04,7.47
1366,1.02,-0.90,7.49
1368,0.94,-0.84,7.49
1372,0.98,-0.79,7.49
1373,0.93,-0.70,7.45
1379,0.92,-0.60,7.35
1379,0.90,-0.57,7.31
1382,0.83,-0.54,7.26
1383,0.76,-0.44,7.34
1386,0.72,-0.39,7.37
1388,0.68,-0.37,7.43
1397,0.62,-0.34,7.50
1397,0.62,-0.37,7.54
1398,0.56,-0.36,7.63
1398,0.50,-0.33,7.63
1402,0.51,-0.31,7.55
1403,0.49,-0.29,7.51
1407,0.53,-0.18,7.47
1411,0.51,-0.08,7.40
1412,0.48,-0.02,7.39
1414,0.53,0.08,7.39
1418,0.55,0.23,7.40
1418,0.57,0.30,7.37
1422,0.61,0.37,7.38
1424,0.65,0.40,7.37
1428,0.69,0.46,7.29
1429,0.77,0.50,7.17
1433,0.78,0.57,7.25
1435,0.89,0.67,7.19
1437,0.91,0.71,7.10
1441,1.00,0.78,7.15
1445,1.10,0.85,7.13
1446,1.21,0.90,7.05
1449,1.25,0.96,7.08
1449,1.31,1.02,7.10
1452,1.44,1.03,7.05
1454,1.50,1.06,7.01
1457,1.58,1.06,6.94
1460,1.61,1.08,6.84
1462,1.65,1.14,6.72
1464,1.68,1.22,6.61
1468,1.72,1.24,6.54
1469,1.77,1.32,6.41
1473,1.78,1.38,6.37
1475,1.85,1.42,6.27
1479,1.78,1.47,6.22
1479,1.87,1.62,6.12
1483,1.99,1.66,5.99
1485,1.99,1.83,5.87
1487,1.96,1.92,5.78
1489,1.99,2.01,5.71
1496,2.05,2.04,5.71
1497,2.02,2.12,5.65
1497,2.03,2.09,5.57
1499,2.05,2.17,5.62
1504,2.06,2.30,5.60
1505,2.11,2.35,5.59
1508,2.10,2.38,5.54
1512,2.12,2.44,5.40
1513,2.16,2.47,5.35
1516,2.16,2.49,5.30
1516,2.18,2.56,5.24
1520,2.19,2.63,5.18
1523,2.26,2.75,5.11
1525,2.29,2.88,5.14
1531,2.33,2.97,5.21
1531,2.34,3.01,5.20
1532,2.35,3.06,5.37
1536,2.37,3.05,5.46
1536,2.39,3.12,5.46
1540,2.43,3.10,5.48
1546,2.41,3.08,5.50
1547,2.42,3.04,5.53
1547,2.43,3.01,5.57
1550,2.39,3.02,5.62
1553,2.42,3.06,5.63
1556,2.44,3.12,5.64
1557,2.39,3.21,5.70
1561,2.43,3.24,5.76
1562,2.39,3.27,5.81
1565,2.35,3.31,5.79
1567,2.42,3.25,5.86
1568,2.44,3.24,5.94
1572,2.42,3.19,5.84
1574,2.43,3.21,5.76
1579,2.51,3.23,5.69
1580,2.53,3.34,5.63
1582,2.56,3.44,5.58
1584,2.61,3.57,5.50
1587,2.59,3.72,5.50
1589,2.64,3.82,5.43
1594,2.69,3.95,5.30
1595,2.70,3.98,5.28
1596,2.78,4.06,5.23
1599,2.75,4.16,5.20
1602,2.80,4.14,5.13
1604,2.79,4.17,5.12
1607,2.77,4.15,5.14
1611,2.85,4.17,5.17
1612,2.87,4.19,5.07
1614,2.86,4.20,5.13
1617,2.90,4.25,5.15
1619,2.93,4.27,5.11
1622,2.95,4.33,5.14
1624,2.95,4.37,5.14
1629,2.96,4.43,5.11
1630,2.92,4.45,5.12
1632,2.91,4.48,5.12
1635,2.89,4.48,5.15
1637,2.84,4.52,5.13
1640,2.86,4.56,5.10
1646,2.82,4.57,5.05
1647,2.74,4.59,5.08
1648,2.69,4.63,5.08
1649,2.65,4.70,5.13
1653,2.60,4.76,5.15
1655,2.65,4.80,5.15
1658,2.63,4.82,5.16
1663,2.62,4.83,5.15
1664,2.61,4.86,5.07
1671,2.63,4.89,5.06
1671,2.57,4.85,5.03
1672,2.60,4.87,4.98
1673,2.59,4.88,4.95
1675,2.62,4.88,4.98
1679,2.68,4.92,4.95
1681,2.70,4.94,5.01
1689,2.75,4.98,4.94
1690,2.81,4.95,4.98
1692,2.84,4.96,4.98
1692,2.85,4.95,4.87
1693,2.90,4.99,4.87
1700,2.96,4.99,4.88
1701,3.05,5.00,4.84
1701,3.11,5.06,4.90
1708,3.11,5.13,4.87
1709,3.16,5.12,4.82
1710,3.21,5.18,4.80
1711,3.24,5.20,4.72
1717,3.30,5.24,4.70
1717,3.33,5.27,4.67
1718,3.40,5.33,4.64
1721,3.46,5.38,4.60
1723,3.43,5.38,4.61
1730,3.42,5.38,4.61
1731,3.48,5.43,4.60
1731,3.48,5.47,4.60
1733,3.49,5.46,4.65
1736,3.46,5.39,4.68
1738,3.46,5.40,4.74
1740,3.47,5.40,4.76
1744,3.51,5.34,4.85
1745,3.50,5.38,4.85
1748,3.48,5.39,4.87
1750,3.46,5.40,4.93
1754,3.45,5.43,5.01
1756,3.47,5.49,4.95
1762,3.50,5.51,5.02
1762,3.53,5.47,5.04
1763,3.50,5.48,5.11
1766,3.49,5.44,5.10
1769,3.54,5.45,5.12
1771,3.56,5.32,5.23
1774,3.61,5.32,5.20
1778,3.56,5.33,5.24
1779,3.58,5.31,5.42
1780,3.59,5.31,5.48
1784,3.64,5.31,5.57
1786,3.65,5.30,5.55
1788,3.68,5.31,5.66
1790,3.70,5.26,5.76
1795,3.67,5.26,5.79
1796,3.71,5.27,5.76
1798,3.74,5.27,5.79
1801,3.75,5.28,5.69
1803,3.75,5.30,5.71
1806,3.76,5.36,5.64
1808,3.78,5.38,5.58
1811,3.80,5.40,5.62
1813,3.83,5.44,5.53
1816,3.85,5.50,5.49
1819,3.90,5.52,5.43
1821,3.86,5.59,5.43
1824,3.88,5.65,5.46
1828,3.90,5.68,5.47
1828,3.95,5.72,5.50
1830,3.99,5.70,5.57
1833,4.03,5.66,5.60
1837,4.01,5.65,5.64
1839,4.04,5.60,5.59
1841,4.07,5.61,5.57
1847,4.12,5.65,5.64
1847,4.18,5.68,5.63
1849,4.20,5.73,5.77
1850,4.20,5.81,5.79
1852,4.26,5.82,5.87
1856,4.25,5.79,5.94
1858,4.25,5.78,6.03
1863,4.32,5.75,6.11
1864,4.30,5.68,6.09
1865,4.31,5.66,6.11
1868,4.29,5.65,6.18
1870,4.31,5.62,6.20
1873,4.30,5.63,6.27
1878,4.27,5.63,6.28
1879,4.29,5.63,6.40
1880,4.26,5.65,6.45
1883,4.25,5.59,6.56
1885,4.27,5.58,6.51
1888,4.22,5.59,6.58
1890,4.23,5.53,6.63
1897,4.20,5.49,6.60
1897,4.17,5.47,6.67
1898,4.14,5.46,6.73
1901,4.17,5.40,6.72
1903,4.12,5.43,6.69
1905,4.11,5.44,6.65
1912,4.14,5.41,6.60
1912,4.15,5.42,6.63
1913,4.11,5.43,6.61
1916,4.13,5.45,6.60
1918,4.12,5.46,6.50
1920,4.09,5.49,6.55
1923,4.13,5.47,6.56
1928,4.09,5.46,6.56
1929,4.13,5.54,6.52
1930,4.11,5.51,6.49
1934,4.09,5.50,6.54
1937,4.11,5.52,6.50
1939,4.13,5.55,6.45
1940,4.13,5.55,6.43
1947,4.17,5.53,6.41
1948,4.09,5.58,6.41
1948,4.17,5.62,6.39
1951,4.20,5.65,6.32
1954,4.21,5.73,6.38
1957,4.21,5.79,6.37
1959,4.23,5.81,6.28
1962,4.27,5.85,6.26
1964,4.27,5.85,6.23
1966,4.32,5.84,6.17
1970,4.34,5.86,6.14
1972,4.35,5.83,6.14
1975,4.35,5.81,6.12
1975,4.36,5.78,6.13
1980,4.33,5.80,6.19
1981,4.38,5.80,6.23
1985,4.39,5.79,6.19
1987,4.39,5.82,6.20
1989,4.42,5.80,6.20
1991,4.37,5.80,6.24
1995,4.39,5.73,6.34
1996,4.36,5.66,6.42
