2,-0.01,0.22,-0.09
4,-0.02,0.22,-0.10
9,-0.03,0.21,-0.10
19,-0.04,0.21,-0.10
20,-0.05,0.20,-0.11
24,-0.06,0.20,-0.11
29,-0.08,0.20,-0.10
33,-0.09,0.20,-0.10
39,-0.10,0.21,-0.10
44,-0.11,0.22,-0.10
50,-0.13,0.24,-0.10
53,-0.15,0.26,-0.10
59,-0.17,0.28,-0.10
65,-0.19,0.29,-0.09
70,-0.21,0.30,-0.09
74,-0.23,0.31,-0.09
79,-0.26,0.30,-0.09
84,-0.28,0.29,-0.09
89,-0.29,0.27,-0.09
94,-0.30,0.25,-0.08
99,-0.31,0.22,-0.08
104,-0.32,0.19,-0.08
109,-0.33,0.17,-0.08
116,-0.32,0.17,-0.09
120,-0.33,0.17,-0.09
124,-0.33,0.18,-0.10
129,-0.34,0.21,-0.10
134,-0.35,0.25,-0.12
139,-0.36,0.30,-0.13
144,-0.38,0.36,-0.15
155,-0.41,0.43,-0.17
155,-0.45,0.50,-0.19
159,-0.49,0.56,-0.21
166,-0.53,0.62,-0.24
170,-0.57,0.66,-0.26
174,-0.59,0.70,-0.28
179,-0.61,0.73,-0.29
184,-0.63,0.76,-0.31
189,-0.65,0.79,-0.32
194,-0.65,0.82,-0.33
199,-0.66,0.86,-0.35
205,-0.69,0.91,-0.36
210,-0.72,0.96,-0.38
216,-0.75,1.00,-0.41
220,-0.79,1.05,-0.43
224,-0.84,1.08,-0.46
229,-0.89,1.09,-0.49
234,-0.96,1.09,-0.52
240,-1.04,1.07,-0.56
245,-1.11,1.01,-0.59
250,-1.17,0.94,-0.62
255,-1.22,0.85,-0.64
260,-1.26,0.76,-0.65
266,-1.29,0.68,-0.64
270,-1.30,0.61,-0.63
275,-1.30,0.54,-0.61
280,-1.29,0.46,-0.57
286,-1.24,0.36,-0.53
290,-1.18,0.25,-0.49
295,-1.10,0.14,-0.45
300,-1.00,0.04,-0.41
305,-0.88,-0.06,-0.37
309,-0.75,-0.15,-0.33
317,-0.60,-0.23,-0.30
323,-0.45,-0.27,-0.28
324,-0.30,-0.26,-0.27
330,-0.16,-0.20,-0.26
336,-0.04,-0.10,-0.25
339,0.08,0.04,-0.24
345,0.19,0.18,-0.23
349,0.30,0.33,-0.23
355,0.40,0.46,-0.23
361,0.49,0.58,-0.23
365,0.58,0.68,-0.23
370,0.64,0.74,-0.22
375,0.71,0.77,-0.21
380,0.77,0.74,-0.20
385,0.83,0.66,-0.18
389,0.89,0.52,-0.16
395,0.97,0.36,-0.13
401,1.05,0.17,-0.09
404,1.12,-0.02,-0.05
410,1.21,-0.20,-0.01
417,1.31,-0.36,0.05
420,1.42,-0.49,0.11
424,1.54,-0.60,0.17
433,1.65,-0.67,0.23
435,1.78,-0.72,0.29
440,1.90,-0.75,0.34
445,2.03,-0.77,0.40
452,2.15,-0.78,0.46
462,2.26,-0.79,0.52
463,2.36,-0.81,0.57
465,2.46,-0.84,0.61
471,2.55,-0.86,0.66
475,2.61,-0.88,0.70
483,2.67,-0.89,0.74
484,2.73,-0.88,0.78
489,2.77,-0.87,0.82
495,2.81,-0.85,0.85
501,2.84,-0.82,0.88
505,2.86,-0.79,0.91
510,2.88,-0.74,0.93
517,2.89,-0.69,0.95
521,2.90,-0.64,0.96
525,2.89,-0.61,0.98
535,2.89,-0.61,1.01
537,2.88,-0.66,1.03
542,2.87,-0.74,1.07
545,2.85,-0.87,1.11
552,2.85,-1.01,1.16
555,2.83,-1.14,1.22
560,2.83,-1.25,1.27
566,2.82,-1.33,1.32
570,2.81,-1.39,1.36
575,2.80,-1.42,1.38
584,2.80,-1.39,1.40
585,2.80,-1.33,1.43
590,2.81,-1.25,1.45
595,2.81,-1.18,1.47
602,2.81,-1.13,1.49
605,2.81,-1.11,1.51
611,2.82,-1.13,1.52
619,2.84,-1.20,1.55
621,2.86,-1.29,1.56
626,2.88,-1.40,1.55
634,2.91,-1.52,1.52
636,2.96,-1.62,1.48
641,3.02,-1.68,1.41
647,3.08,-1.69,1.33
655,3.14,-1.64,1.23
656,3.21,-1.57,1.12
660,3.30,-1.50,0.99
668,3.39,-1.43,0.86
670,3.50,-1.38,0.72
676,3.60,-1.34,0.58
684,3.71,-1.30,0.45
686,3.82,-1.24,0.33
691,3.94,-1.18,0.22
695,4.06,-1.10,0.12
700,4.19,-1.02,0.04
706,4.32,-0.92,-0.03
711,4.44,-0.81,-0.10
719,4.57,-0.70,-0.16
721,4.69,-0.59,-0.21
725,4.80,-0.51,-0.25
735,4.90,-0.45,-0.27
736,5.00,-0.42,-0.29
740,5.10,-0.41,-0.31
746,5.18,-0.40,-0.34
752,5.22,-0.38,-0.37
755,5.24,-0.34,-0.39
761,5.25,-0.30,-0.42
768,5.26,-0.28,-0.45
777,5.25,-0.27,-0.49
778,5.24,-0.27,-0.54
782,5.23,-0.27,-0.60
786,5.22,-0.25,-0.66
791,5.23,-0.21,-0.73
800,5.25,-0.14,-0.79
801,5.27,-0.05,-0.85
806,5.30,0.04,-0.91
811,5.34,0.13,-0.97
817,5.38,0.21,-1.01
821,5.43,0.29,-1.05
826,5.48,0.37,-1.11
836,5.48,0.48,-1.12
838,5.49,0.61,-1.12
841,5.46,0.75,-1.11
851,5.43,0.89,-1.09
852,5.38,1.02,-1.04
857,5.33,1.13,-1.00
862,5.29,1.22,-0.96
866,5.26,1.26,-0.91
872,5.23,1.26,-0.86
877,5.20,1.22,-0.80
884,5.17,1.13,-0.75
888,5.12,1.02,-0.70
892,5.06,0.88,-0.66
900,4.99,0.75,-0.62
901,4.89,0.64,-0.59
907,4.75,0.57,-0.59
912,4.60,0.54,-0.63
917,4.43,0.60,-0.70
922,4.26,0.76,-0.78
927,4.08,1.04,-0.86
933,3.88,1.39,-0.94
938,3.66,1.77,-1.02
942,3.45,2.14,-1.08
947,3.22,2.47,-1.12
952,2.99,2.73,-1.13
956,2.76,2.83,-1.14
961,2.52,2.80,-1.16
966,2.27,2.66,-1.20
971,2.00,2.49,-1.25
976,1.75,2.31,-1.32
984,1.50,2.16,-1.41
987,1.27,2.07,-1.53
991,1.04,2.12,-1.67
1001,0.81,2.30,-1.81
1002,0.59,2.55,-1.92
1007,0.34,2.92,-2.01
1011,0.02,3.49,-2.07
1019,-0.42,4.20,-2.08
1022,-0.96,4.88,-2.07
1026,-1.62,5.38,-2.05
1034,-2.43,5.61,-2.01
1037,-3.40,5.49,-1.99
1041,-4.58,5.05,-2.03
1054,-5.93,4.28,-2.21
1055,-7.47,3.24,-2.52
1057,-9.15,2.20,-2.98
1062,-10.93,1.33,-3.58
1070,-12.81,0.75,-4.33
1072,-14.72,0.58,-5.19
1077,-16.53,0.74,-6.10
1084,-17.45,1.14,-7.10
1087,-17.45,1.58,-8.15
1092,-17.43,1.82,-9.09
1102,-17.45,1.95,-9.80
1104,-17.45,1.94,-10.29
1110,-17.45,2.06,-10.48
1112,-17.43,0.38,-10.33
1117,-17.42,-1.26,-9.87
1122,-17.45,1.06,-8.67
1127,-17.45,2.94,-7.52
1132,-17.45,3.49,-6.65
1137,-17.43,3.85,-5.61
1142,-16.92,3.71,-4.59
1150,-15.92,2.65,-3.82
1153,-14.89,1.11,-3.22
1157,-13.85,-0.47,-2.68
1163,-12.81,-1.84,-2.15
1168,-11.84,-2.74,-1.68
1174,-10.93,-3.02,-1.25
1178,-10.06,-2.66,-0.87
1184,-9.27,-1.74,-0.51
1189,-8.45,-0.49,-0.20
1193,-7.59,0.75,0.01
1200,-6.71,1.84,0.15
1203,-5.87,2.75,0.20
1208,-5.12,3.39,0.21
1213,-4.45,3.73,0.18
1217,-3.89,3.80,0.15
1223,-3.47,3.70,0.14
1233,-3.18,3.53,0.17
1233,-3.02,3.37,0.21
1238,-2.94,3.23,0.26
1243,-2.89,3.09,0.34
1250,-2.83,2.95,0.46
1254,-2.76,2.81,0.60
1258,-2.68,2.64,0.75
1263,-2.58,2.45,0.92
1268,-2.49,2.24,1.08
1273,-2.40,1.99,1.24
1278,-2.34,1.71,1.39
1284,-2.33,1.39,1.50
1291,-2.36,1.05,1.57
1293,-2.41,0.71,1.60
1301,-2.46,0.41,1.60
1303,-2.51,0.18,1.58
1308,-2.53,0.05,1.56
1313,-2.56,0.03,1.53
1318,-2.55,0.08,1.49
1323,-2.53,0.19,1.46
1328,-2.50,0.36,1.43
1333,-2.47,0.55,1.40
1338,-2.43,0.74,1.38
1344,-2.39,0.90,1.35
1353,-2.35,1.00,1.32
1354,-2.29,1.02,1.28
1358,-2.21,0.97,1.21
1363,-2.11,0.86,1.13
1369,-1.99,0.73,1.03
1373,-1.86,0.60,0.93
1378,-1.72,0.48,0.83
1383,-1.57,0.37,0.73
1389,-1.41,0.28,0.63
1394,-1.25,0.19,0.53
1401,-1.08,0.11,0.43
1406,-0.90,0.03,0.34
1408,-0.73,-0.02,0.26
1418,-0.57,-0.05,0.19
1420,-0.42,-0.04,0.13
1423,-0.28,0.01,0.09
1429,-0.15,0.11,0.06
1435,-0.03,0.25,0.04
1441,0.08,0.41,0.03
1443,0.19,0.55,0.02
1449,0.29,0.65,0.02
1453,0.38,0.67,0.02
1458,0.47,0.61,0.03
1468,0.56,0.48,0.04
1469,0.62,0.33,0.06
1474,0.67,0.16,0.09
1479,0.71,-0.02,0.11
1483,0.73,-0.20,0.13
1490,0.75,-0.36,0.15
1493,0.77,-0.49,0.16
1505,0.78,-0.59,0.16
1506,0.79,-0.64,0.16
1509,0.79,-0.67,0.15
1516,0.78,-0.69,0.13
1518,0.79,-0.70,0.12
1524,0.79,-0.72,0.09
1529,0.80,-0.73,0.07
1534,0.80,-0.74,0.04
1539,0.80,-0.74,0.02
1544,0.81,-0.75,-0.01
1550,0.82,-0.75,-0.04
1555,0.84,-0.76,-0.07
1559,0.86,-0.78,-0.10
1567,0.89,-0.79,-0.12
1569,0.92,-0.82,-0.15
1574,0.95,-0.85,-0.17
1580,0.99,-0.89,-0.19
1584,1.02,-0.96,-0.19
1590,1.06,-1.04,-0.19
1594,1.10,-1.13,-0.18
1601,1.14,-1.22,-0.17
1605,1.16,-1.29,-0.14
1609,1.18,-1.35,-0.12
1614,1.19,-1.41,-0.09
1619,1.21,-1.46,-0.05
1625,1.21,-1.50,-0.01
1629,1.22,-1.54,0.03
1637,1.22,-1.59,0.06
1640,1.24,-1.68,0.08
1644,1.25,-1.81,0.08
1651,1.23,-1.91,0.09
1655,1.26,-2.01,0.11
1659,1.27,-2.14,0.11
1667,1.29,-2.26,0.09
1670,1.31,-2.37,0.07
1675,1.33,-2.48,0.04
1680,1.35,-2.57,0.01
1684,1.37,-2.63,-0.02
1690,1.39,-2.68,-0.06
1695,1.41,-2.69,-0.11
1702,1.43,-2.68,-0.17
1706,1.44,-2.64,-0.22
1710,1.46,-2.58,-0.27
1718,1.48,-2.51,-0.32
1720,1.50,-2.43,-0.36
1725,1.52,-2.36,-0.40
1729,1.54,-2.28,-0.44
1734,1.56,-2.21,-0.47
1740,1.57,-2.15,-0.49
1744,1.61,-2.10,-0.51
1753,1.63,-2.06,-0.52
1757,1.66,-2.03,-0.54
1760,1.69,-2.00,-0.55
1766,1.73,-1.99,-0.56
1770,1.76,-1.99,-0.57
1775,1.80,-2.00,-0.58
1780,1.83,-2.02,-0.59
1785,1.87,-2.04,-0.59
1791,1.90,-2.07,-0.61
1796,1.93,-2.10,-0.62
1801,1.96,-2.14,-0.63
1806,1.98,-2.17,-0.64
1812,2.00,-2.21,-0.65
1818,2.01,-2.26,-0.67
1820,2.02,-2.30,-0.69
1826,2.03,-2.33,-0.70
1831,2.03,-2.35,-0.71
1838,2.02,-2.36,-0.72
1841,2.02,-2.36,-0.72
1846,2.02,-2.35,-0.73
1852,2.03,-2.34,-0.74
1856,2.03,-2.34,-0.73
1860,2.02,-2.33,-0.73
1868,2.02,-2.32,-0.74
1870,2.01,-2.30,-0.74
1875,2.00,-2.29,-0.74
1880,1.99,-2.29,-0.74
1885,1.99,-2.31,-0.74
1890,1.98,-2.36,-0.75
1895,1.98,-2.44,-0.77
1902,1.94,-2.51,-0.75
1905,1.94,-2.58,-0.73
1910,1.94,-2.66,-0.73
1919,1.92,-2.72,-0.73
1921,1.92,-2.75,-0.73
1926,1.92,-2.77,-0.72
1934,1.92,-2.75,-0.71
1935,1.91,-2.70,-0.70
1940,1.90,-2.62,-0.68
1946,1.88,-2.51,-0.66
1951,1.87,-2.38,-0.64
1955,1.87,-2.23,-0.63
1960,1.86,-2.07,-0.61
1969,1.85,-1.90,-0.60
1970,1.83,-1.72,-0.59
1975,1.82,-1.53,-0.57
1980,1.81,-1.36,-0.54
1987,1.80,-1.21,-0.52
1992,1.80,-1.08,-0.51
1996,1.81,-0.96,-0.50
