2,0.90,1.68,8.74
7,0.90,1.71,8.59
7,0.92,1.67,8.48
15,0.91,1.65,8.41
15,0.98,1.61,8.31
16,1.00,1.60,8.23
16,1.09,1.60,8.09
19,1.16,1.62,8.01
20,1.22,1.64,7.89
26,1.30,1.61,7.90
26,1.39,1.63,7.76
28,1.45,1.61,7.63
31,1.52,1.56,7.49
34,1.53,1.54,7.49
35,1.58,1.55,7.47
42,1.62,1.54,7.33
43,1.66,1.46,7.28
44,1.67,1.45,7.22
46,1.69,1.46,7.17
49,1.71,1.38,7.09
51,1.72,1.31,7.01
54,1.71,1.33,6.97
63,1.70,1.32,6.96
64,1.70,1.20,6.88
64,1.68,1.23,6.83
64,1.68,1.16,6.68
66,1.65,1.13,6.63
69,1.59,1.09,6.52
71,1.57,1.10,6.51
75,1.50,1.06,6.38
76,1.42,1.00,6.33
79,1.40,1.02,6.28
81,1.37,1.00,6.25
84,1.36,0.98,6.17
86,1.24,0.94,6.09
98,1.16,0.93,6.03
98,1.16,0.91,6.03
99,1.08,0.88,6.07
99,1.13,0.85,6.08
100,1.15,0.84,5.96
101,1.13,0.78,5.97
104,1.20,0.69,6.02
114,1.26,0.66,5.99
115,1.48,0.69,5.99
115,1.52,0.69,6.02
116,1.63,0.76,6.00
117,1.77,0.76,6.06
119,1.94,0.71,6.10
121,2.18,0.70,6.10
126,2.42,0.76,6.07
126,2.61,0.75,6.09
129,2.86,0.76,6.11
131,2.96,0.78,6.11
135,3.11,0.78,6.11
136,3.24,0.76,6.17
149,3.34,0.73,6.25
149,3.42,0.76,6.30
149,3.52,0.75,6.46
150,3.70,0.77,6.59
150,3.80,0.77,6.73
151,3.87,0.82,6.96
154,3.93,0.82,7.18
163,3.96,0.78,7.44
164,3.95,0.70,7.81
164,4.04,0.62,8.04
164,4.01,0.55,8.46
166,4.04,0.51,8.74
169,4.03,0.52,9.19
175,4.15,0.49,9.73
176,4.27,0.55,10.35
177,4.38,0.58,11.02
179,4.57,0.58,11.65
182,4.73,0.53,12.41
184,4.93,0.48,13.20
186,5.09,0.57,14.07
193,5.35,0.61,14.96
193,5.58,0.74,15.84
195,5.83,0.77,16.83
197,6.02,0.77,17.75
199,6.24,0.69,18.70
201,6.46,0.57,19.64
204,6.66,0.65,20.49
209,6.81,0.81,21.29
210,6.90,1.07,22.00
211,6.92,1.39,22.55
215,6.88,1.76,23.15
217,6.67,2.09,24.00
220,6.41,2.28,24.73
223,6.13,2.39,25.36
231,5.82,2.39,25.98
231,5.47,2.52,26.64
231,5.13,2.65,27.16
233,4.70,2.92,27.55
240,4.32,3.23,28.03
241,3.93,3.60,28.35
242,3.49,4.01,28.71
242,3.11,4.40,29.08
248,2.62,4.68,29.57
248,2.21,4.89,29.96
249,1.91,5.03,30.40
252,1.59,5.10,30.84
254,1.27,5.19,31.17
260,0.96,5.37,31.52
261,0.64,5.60,31.83
262,0.41,5.83,32.04
265,0.11,6.07,32.35
267,-0.18,6.30,32.57
270,-0.47,6.44,32.80
272,-0.76,6.49,32.92
281,-1.15,6.54,33.03
281,-1.62,6.62,33.01
281,-2.21,6.67,33.09
282,-2.91,6.73,33.16
285,-3.62,6.74,33.18
287,-4.37,6.62,33.15
293,-5.10,6.42,33.04
294,-5.83,6.28,32.94
295,-6.55,6.17,32.68
297,-7.23,6.04,32.44
299,-7.93,5.98,32.14
302,-8.59,5.79,31.80
304,-9.23,5.66,31.45
309,-9.83,5.52,31.06
310,-10.37,5.38,30.57
313,-10.84,5.29,30.14
315,-11.29,5.03,29.65
317,-11.66,4.88,29.13
320,-11.85,4.65,28.57
322,-12.04,4.34,28.06
329,-12.28,4.27,27.34
329,-12.41,4.09,26.74
330,-12.47,4.00,26.16
332,-12.50,3.89,25.60
335,-12.39,3.79,24.84
338,-12.40,3.57,24.04
343,-12.40,3.34,23.36
343,-12.40,3.08,22.66
346,-12.44,2.85,21.92
348,-12.52,2.62,21.28
350,-12.62,2.45,20.59
352,-12.64,2.16,19.82
355,-12.64,1.81,19.07
360,-12.67,1.53,18.35
361,-12.79,1.23,17.59
362,-12.89,1.02,16.76
365,-13.15,0.75,15.98
367,-13.46,0.27,15.00
370,-13.78,-0.15,14.30
375,-13.97,-0.45,13.49
376,-14.14,-0.65,12.29
378,-14.29,-0.85,11.62
380,-14.42,-1.06,10.74
382,-14.54,-1.22,9.81
385,-14.62,-1.47,8.93
387,-14.71,-1.74,8.07
395,-14.79,-2.01,7.34
396,-14.89,-2.33,6.46
397,-14.87,-2.52,5.58
397,-14.86,-2.75,4.80
400,-14.81,-2.98,4.11
402,-14.73,-3.07,3.26
405,-14.70,-3.32,2.54
410,-14.63,-3.62,1.87
411,-14.59,-3.77,1.22
413,-14.44,-3.99,0.53
415,-14.33,-4.20,-0.23
417,-14.24,-4.39,-0.83
420,-14.18,-4.50,-1.34
428,-14.14,-4.68,-2.14
428,-14.16,-4.86,-2.84
429,-14.17,-4.99,-3.49
431,-14.22,-5.03,-4.17
432,-14.21,-5.07,-4.82
436,-14.15,-5.10,-5.38
437,-14.12,-5.26,-5.86
446,-14.02,-5.45,-6.36
447,-13.87,-5.70,-6.82
447,-13.72,-5.89,-7.18
449,-13.49,-6.02,-7.66
450,-13.28,-6.11,-8.10
452,-13.02,-6.23,-8.38
455,-12.69,-6.26,-8.84
460,-12.27,-6.26,-9.32
461,-11.95,-6.29,-9.71
463,-11.54,-6.30,-10.02
466,-11.21,-6.47,-10.42
467,-10.53,-6.40,-10.71
470,-10.08,-6.44,-11.17
475,-9.64,-6.54,-11.45
476,-9.10,-6.59,-11.66
477,-8.67,-6.67,-11.99
481,-8.17,-6.75,-12.32
482,-7.67,-6.81,-12.72
487,-7.18,-6.90,-13.13
488,-6.74,-6.96,-13.45
493,-6.28,-7.05,-13.81
493,-5.81,-7.16,-14.26
495,-5.38,-7.35,-14.64
498,-5.03,-7.56,-15.02
501,-4.63,-7.75,-15.49
503,-4.17,-7.89,-16.00
505,-3.81,-7.97,-16.60
511,-3.46,-8.03,-17.26
512,-3.13,-8.07,-18.10
513,-2.83,-8.21,-18.93
517,-2.61,-8.40,-19.77
518,-2.36,-8.68,-20.74
522,-2.26,-8.98,-21.60
529,-2.12,-9.37,-22.59
530,-2.02,-9.76,-23.63
530,-2.05,-10.18,-24.65
532,-2.03,-10.64,-25.79
533,-2.14,-11.17,-26.92
537,-2.35,-11.72,-27.98
538,-2.66,-12.36,-29.06
545,-3.05,-13.21,-30.05
545,-3.53,-14.08,-31.00
546,-4.06,-15.16,-32.02
548,-4.67,-16.29,-32.86
553,-5.26,-17.40,-33.83
554,-5.83,-18.44,-34.82
558,-6.43,-19.33,-35.85
558,-6.95,-20.26,-36.92
565,-7.37,-21.11,-38.05
566,-7.80,-21.92,-39.28
567,-8.18,-22.62,-40.65
568,-8.44,-23.20,-42.11
577,-8.61,-23.73,-43.54
578,-8.66,-24.23,-45.04
578,-8.60,-24.74,-46.52
585,-8.41,-25.28,-47.85
585,-8.06,-25.75,-49.13
587,-7.64,-26.14,-50.37
588,-7.10,-26.47,-51.56
588,-6.40,-26.62,-52.74
592,-5.66,-26.72,-53.84
593,-4.82,-26.81,-54.72
597,-3.97,-26.95,-55.50
598,-3.10,-27.28,-56.21
601,-2.24,-27.65,-56.81
603,-1.49,-28.09,-57.22
606,-0.83,-28.57,-57.29
609,-0.20,-28.95,-56.97
611,0.57,-29.29,-56.59
614,1.17,-29.84,-56.06
618,1.68,-30.71,-55.35
618,2.01,-31.92,-54.46
621,2.04,-33.33,-53.35
623,2.05,-34.96,-52.03
626,2.00,-36.67,-50.59
628,1.80,-38.32,-48.87
632,1.51,-40.02,-46.77
634,1.10,-41.92,-44.30
639,0.59,-44.02,-41.37
640,-0.07,-46.30,-38.01
643,-0.77,-48.60,-34.31
644,-1.45,-50.99,-30.24
647,-2.10,-53.49,-25.89
649,-2.57,-55.56,-21.25
652,-3.28,-56.48,-16.24
654,-3.86,-59.11,-10.03
660,-4.05,-62.81,-3.91
660,-4.40,-65.36,2.94
661,37.02,-66.74,64.44
664,15.76,-49.93,33.04
667,-16.08,-14.19,-78.95
669,9.45,-1.30,6.62
672,17.33,20.85,-8.80
676,17.63,35.71,-50.23
676,20.61,9.14,-29.12
679,5.55,-9.31,-57.95
682,3.74,-2.56,-73.54
684,9.35,5.09,-51.93
687,15.17,7.75,-35.98
689,15.81,6.17,-31.45
692,12.33,0.31,-25.61
694,8.65,-6.99,-20.28
698,6.88,-12.55,-9.86
699,6.63,-17.00,3.79
702,6.40,-21.98,17.88
704,5.74,-27.10,29.41
711,4.54,-31.78,38.46
711,3.42,-35.42,46.95
712,3.04,-37.76,56.20
713,3.46,-38.08,66.14
717,5.09,-35.61,72.46
718,5.43,-37.11,77.68
721,4.93,-37.13,78.03
726,4.79,-35.09,78.00
727,4.72,-31.63,78.02
729,4.51,-27.26,78.03
731,3.95,-23.59,78.03
733,3.03,-21.03,78.03
737,2.29,-19.34,78.03
738,1.72,-18.31,78.03
743,1.30,-17.33,78.03
744,1.13,-16.04,78.03
747,1.03,-14.19,78.03
748,1.05,-12.31,76.84
752,1.14,-10.30,72.92
755,1.16,-8.80,68.17
760,1.14,-7.82,63.88
761,1.21,-6.66,59.60
762,1.23,-5.72,55.72
764,1.29,-4.62,52.07
767,1.84,-3.05,48.79
769,1.68,-0.74,41.12
772,1.63,0.35,35.39
776,1.08,1.40,35.71
778,0.54,3.78,33.39
779,0.38,4.15,30.10
781,0.42,3.94,26.35
783,0.31,4.46,23.31
786,0.15,5.28,21.73
788,-0.03,6.21,20.43
793,-0.06,6.71,19.16
794,-0.21,6.80,17.96
797,-0.37,6.68,17.00
798,-0.60,6.55,16.21
801,-0.88,6.38,15.62
803,-1.10,6.24,15.31
807,-1.33,6.08,15.03
811,-1.51,5.89,14.74
812,-1.75,5.64,14.53
813,-1.99,5.34,14.30
817,-2.25,4.98,14.23
819,-2.59,4.68,14.02
821,-2.81,4.42,13.79
825,-3.05,4.18,13.51
827,-3.24,3.94,13.16
829,-3.43,3.79,12.88
832,-3.61,3.62,12.60
834,-3.83,3.43,12.21
837,-4.02,3.25,11.84
839,-4.16,3.05,11.40
845,-4.32,2.82,10.94
846,-4.53,2.58,10.54
847,-4.72,2.34,10.16
849,-4.89,2.14,9.71
852,-5.11,1.96,9.33
854,-5.37,1.80,8.82
862,-5.55,1.75,8.31
862,-5.82,1.72,7.84
863,-6.09,1.63,7.31
864,-6.40,1.53,6.92
867,-6.76,1.44,6.43
869,-7.12,1.41,5.93
872,-7.47,1.38,5.53
876,-7.77,1.35,5.17
877,-8.12,1.28,4.91
879,-8.47,1.20,4.57
882,-8.79,1.07,4.29
884,-9.10,1.01,3.94
887,-9.34,0.88,3.67
889,-9.65,0.84,3.51
894,-9.83,0.90,3.17
894,-9.98,0.89,2.91
897,-10.09,0.88,2.73
899,-10.19,0.92,2.52
902,-10.25,0.90,2.35
904,-10.29,0.91,2.22
912,-10.25,0.95,2.11
913,-10.26,0.95,2.00
913,-10.18,0.95,1.97
922,-10.07,0.98,1.91
923,-10.01,0.96,1.86
923,-9.93,1.01,1.82
924,-9.81,1.05,1.74
924,-9.74,1.04,1.71
929,-9.62,1.04,1.72
929,-9.50,1.03,1.75
932,-9.36,0.98,1.71
934,-9.25,0.97,1.78
938,-9.14,0.92,1.88
939,-9.02,0.90,1.99
944,-8.94,0.88,2.05
945,-8.94,0.88,2.08
947,-9.07,0.79,2.11
949,-9.20,0.72,2.04
952,-9.35,0.61,2.06
954,-9.55,0.52,2.10
962,-9.73,0.47,2.04
963,-9.88,0.42,2.08
964,-10.11,0.35,2.07
964,-10.25,0.30,2.03
968,-10.39,0.26,2.03
970,-10.48,0.20,2.05
972,-10.58,0.14,2.09
977,-10.58,0.15,2.14
978,-10.67,0.08,2.31
980,-10.64,0.00,2.36
983,-10.51,-0.04,2.36
984,-10.52,-0.17,2.43
987,-10.48,-0.31,2.53
989,-10.35,-0.36,2.61
995,-10.20,-0.30,2.68
995,-10.14,-0.29,2.70
999,-9.97,-0.23,2.78
999,-9.86,-0.19,2.90
1003,-9.66,-0.21,3.05
1005,-9.42,-0.28,3.18
1011,-9.25,-0.33,3.34
1012,-9.08,-0.43,3.39
1012,-8.86,-0.47,3.51
1014,-8.67,-0.49,3.68
1017,-8.49,-0.46,3.83
1019,-8.32,-0.41,3.98
1023,-8.10,-0.42,4.05
1027,-7.95,-0.50,4.18
1028,-7.81,-0.56,4.31
1030,-7.59,-0.63,4.47
1033,-7.42,-0.68,4.72
1035,-7.25,-0.74,4.80
1038,-7.01,-0.78,4.79
1040,-6.88,-0.69,4.93
1045,-6.71,-0.67,5.03
1047,-6.51,-0.64,5.19
1048,-6.41,-0.56,5.24
1049,-6.35,-0.54,5.32
1053,-6.18,-0.49,5.44
1055,-6.09,-0.47,5.57
1062,-6.07,-0.52,5.70
1064,-5.96,-0.50,5.81
1065,-5.90,-0.47,5.92
1066,-5.84,-0.51,5.99
1068,-5.81,-0.47,6.06
1069,-5.70,-0.44,6.08
1072,-5.67,-0.37,6.30
1077,-5.69,-0.31,6.45
1078,-5.63,-0.30,6.50
1080,-5.61,-0.33,6.65
1082,-5.55,-0.32,6.67
1084,-5.53,-0.34,6.80
1087,-5.55,-0.38,6.87
1091,-5.56,-0.40,6.83
1095,-5.50,-0.44,6.87
1096,-5.57,-0.58,6.99
1101,-5.58,-0.61,6.97
1102,-5.63,-0.57,7.04
1104,-5.61,-0.51,7.05
1106,-5.55,-0.54,7.03
1110,-5.52,-0.44,7.06
1111,-5.47,-0.37,6.96
1113,-5.44,-0.30,6.92
1116,-5.41,-0.13,6.89
1119,-5.31,0.01,6.85
1121,-5.26,0.06,6.89
1123,-5.20,0.13,6.91
1127,-5.14,0.16,6.80
1128,-5.11,0.19,6.78
1131,-5.06,0.16,6.77
1134,-4.97,0.15,6.68
1135,-5.01,0.13,6.69
1139,-4.91,0.10,6.61
1141,-4.84,0.17,6.66
1144,-4.81,0.20,6.69
1145,-4.77,0.23,6.69
1149,-4.69,0.26,6.73
1151,-4.66,0.31,6.85
1153,-4.61,0.32,6.88
1156,-4.59,0.33,6.86
1160,-4.52,0.33,6.96
1161,-4.47,0.31,6.95
1164,-4.43,0.31,7.02
1167,-4.36,0.21,7.09
1169,-4.35,0.25,7.11
1172,-4.25,0.27,7.18
1174,-4.15,0.23,7.27
1179,-4.10,0.23,7.31
1179,-4.04,0.26,7.37
1180,-3.93,0.23,7.34
1183,-3.87,0.27,7.40
1186,-3.80,0.35,7.42
1188,-3.72,0.37,7.50
1194,-3.64,0.36,7.49
1195,-3.60,0.44,7.50
1195,-3.57,0.45,7.51
1199,-3.51,0.50,7.51
1200,-3.43,0.48,7.55
1204,-3.38,0.43,7.58
1205,-3.28,0.44,7.57
1210,-3.28,0.45,7.53
1211,-3.25,0.45,7.59
1213,-3.22,0.39,7.65
1216,-3.15,0.34,7.59
1219,-3.12,0.33,7.60
1220,-3.09,0.31,7.60
1223,-3.05,0.22,7.60
1227,-3.06,0.18,7.63
1233,-3.03,0.17,7.62
1233,-2.90,0.17,7.59
1234,-2.88,0.18,7.63
1235,-2.94,0.17,7.67
1238,-2.89,0.16,7.68
1243,-2.86,0.11,7.74
1243,-2.85,0.06,7.71
1245,-2.84,0.03,7.69
1248,-2.84,-0.04,7.69
1250,-2.87,-0.09,7.71
1254,-2.89,-0.11,7.75
1255,-2.87,-0.14,7.79
1260,-2.91,-0.14,7.83
1261,-2.98,-0.16,7.86
1264,-2.99,-0.22,7.89
1265,-3.01,-0.27,8.02
1268,-3.10,-0.31,8.09
1270,-3.15,-0.40,8.16
1274,-3.19,-0.49,8.24
1279,-3.25,-0.52,8.29
1280,-3.28,-0.66,8.31
1281,-3.33,-0.71,8.37
1284,-3.38,-0.72,8.39
1287,-3.51,-0.73,8.44
1289,-3.57,-0.72,8.52
1294,-3.58,-0.77,8.60
1295,-3.72,-0.85,8.67
1295,-3.75,-0.89,8.74
1299,-3.72,-0.96,8.82
1300,-3.74,-1.03,8.88
1304,-3.81,-1.14,8.93
1305,-3.78,-1.21,8.98
1312,-3.72,-1.20,9.01
1312,-3.71,-1.18,9.07
1313,-3.74,-1.21,9.06
1320,-3.72,-1.25,9.10
1320,-3.66,-1.30,9.10
1321,-3.67,-1.31,9.18
1329,-3.58,-1.36,9.21
1330,-3.59,-1.41,9.30
1331,-3.58,-1.43,9.31
1332,-3.55,-1.52,9.35
1335,-3.52,-1.59,9.43
1337,-3.47,-1.64,9.48
1339,-3.44,-1.72,9.62
1345,-3.37,-1.77,9.61
1346,-3.36,-1.83,9.57
1347,-3.24,-1.86,9.60
1349,-3.17,-1.88,9.62
1350,-3.13,-1.93,9.64
1354,-3.00,-1.97,9.61
1356,-2.97,-1.94,9.60
1361,-3.00,-1.99,9.56
1362,-2.89,-1.97,9.63
1363,-2.83,-1.99,9.59
1365,-2.92,-2.03,9.62
1369,-2.87,-2.06,9.64
1377,-2.80,-2.11,9.63
1377,-2.83,-2.18,9.70
1377,-2.84,-2.17,9.67
1387,-2.81,-2.25,9.66
1389,-2.82,-2.24,9.72
1389,-2.83,-2.21,9.72
1389,-2.82,-2.27,9.88
1389,-2.84,-2.28,9.89
1394,-2.87,-2.27,9.85
1395,-2.82,-2.30,9.86
1397,-2.86,-2.33,9.90
1400,-2.87,-2.39,10.08
1401,-2.87,-2.50,10.12
1405,-2.85,-2.57,10.13
1407,-2.81,-2.56,10.21
1412,-2.76,-2.63,10.20
1412,-2.77,-2.66,10.24
1416,-2.70,-2.62,10.20
1418,-2.69,-2.63,10.25
1421,-2.69,-2.69,10.20
1421,-2.67,-2.79,10.21
1424,-2.57,-2.79,10.29
1428,-2.57,-2.83,10.36
1429,-2.53,-2.85,10.33
1433,-2.51,-2.90,10.29
1434,-2.44,-2.90,10.33
1437,-2.43,-2.93,10.45
1441,-2.42,-2.98,10.43
1446,-2.34,-3.00,10.45
1446,-2.35,-3.06,10.47
1447,-2.36,-3.12,10.52
1451,-2.29,-3.18,10.60
1453,-2.31,-3.20,10.54
1455,-2.37,-3.23,10.54
1457,-2.34,-3.39,10.62
1461,-2.27,-3.49,10.44
1462,-2.24,-3.49,10.51
1465,-2.19,-3.48,10.75
1467,-2.24,-3.48,10.74
1470,-2.30,-3.53,10.67
1472,-2.29,-3.66,10.69
1479,-2.36,-3.67,10.72
1479,-2.38,-3.81,10.69
1481,-2.35,-3.85,10.69
1483,-2.31,-3.90,10.70
1485,-2.27,-3.90,10.70
1488,-2.24,-3.85,10.69
1490,-2.19,-3.84,10.63
1494,-2.18,-3.85,10.56
1496,-2.12,-3.88,10.44
1497,-2.09,-3.91,10.30
1501,-1.99,-3.95,10.27
1502,-1.92,-3.92,10.27
1505,-1.92,-3.86,10.20
1512,-1.88,-3.78,10.14
1513,-1.87,-3.69,10.10
1513,-1.92,-3.70,10.11
1514,-1.87,-3.64,10.11
1520,-1.88,-3.66,10.04
1520,-1.85,-3.67,9.97
1521,-1.76,-3.60,9.95
1529,-1.79,-3.57,10.00
1529,-1.79,-3.52,10.01
1530,-1.77,-3.53,9.93
1531,-1.74,-3.52,9.92
1534,-1.73,-3.47,9.92
1537,-1.74,-3.44,9.93
1539,-1.69,-3.40,9.92
1544,-1.71,-3.35,9.89
1545,-1.72,-3.29,9.92
1553,-1.72,-3.28,9.86
1554,-1.71,-3.29,9.92
1555,-1.75,-3.30,9.90
1555,-1.76,-3.29,9.89
1557,-1.72,-3.31,9.89
1562,-1.76,-3.25,9.87
1562,-1.83,-3.22,9.85
1564,-1.84,-3.20,9.82
1566,-1.88,-3.18,9.90
1570,-1.92,-3.19,9.84
1571,-1.98,-3.17,9.82
1576,-1.94,-3.18,9.91
1577,-1.98,-3.12,9.93
1579,-2.03,-3.13,9.99
1581,-1.99,-3.14,9.89
1585,-1.99,-3.16,9.90
1587,-1.97,-3.15,9.89
1594,-2.00,-3.10,9.89
1595,-1.94,-3.14,9.92
1596,-1.96,-3.12,9.89
1597,-1.93,-3.09,9.85
1600,-1.91,-3.03,9.83
1601,-1.89,-3.00,9.82
1604,-1.86,-3.00,9.85
1612,-1.87,-2.95,9.85
1613,-1.90,-2.95,9.93
1613,-1.84,-2.91,9.90
1614,-1.79,-2.99,9.92
1617,-1.74,-3.00,9.86
1621,-1.72,-2.95,10.02
1622,-1.70,-2.96,9.98
1626,-1.63,-2.89,9.96
1628,-1.59,-2.79,9.99
1629,-1.57,-2.66,9.98
1634,-1.53,-2.61,10.09
1635,-1.52,-2.52,10.05
1638,-1.49,-2.50,10.08
1641,-1.46,-2.48,10.18
1644,-1.46,-2.46,10.18
1645,-1.46,-2.48,10.19
1648,-1.41,-2.50,10.23
1652,-1.39,-2.48,10.23
1652,-1.41,-2.51,10.27
1656,-1.45,-2.49,10.33
1662,-1.49,-2.46,10.41
1662,-1.49,-2.48,10.45
1663,-1.49,-2.45,10.39
1666,-1.51,-2.53,10.42
1668,-1.52,-2.57,10.49
1670,-1.54,-2.60,10.48
1673,-1.52,-2.64,10.50
1677,-1.46,-2.70,10.56
1678,-1.49,-2.75,10.54
1681,-1.52,-2.73,10.53
1683,-1.50,-2.80,10.64
1686,-1.42,-2.83,10.67
1688,-1.39,-2.86,10.67
1691,-1.38,-2.93,10.73
1694,-1.31,-3.02,10.78
1695,-1.29,-3.09,10.80
1699,-1.22,-3.13,10.80
1701,-1.14,-3.15,10.79
1704,-1.10,-3.08,10.79
1706,-1.02,-2.98,10.75
1712,-1.02,-2.97,10.76
1712,-0.93,-2.91,10.72
1713,-0.85,-2.85,10.66
1717,-0.83,-2.80,10.65
1722,-0.75,-2.74,10.67
1722,-0.72,-2.77,10.57
1723,-0.64,-2.75,10.53
1728,-0.60,-2.77,10.47
1729,-0.59,-2.75,10.41
1731,-0.53,-2.79,10.36
1733,-0.50,-2.79,10.26
1736,-0.47,-2.77,10.20
1740,-0.42,-2.75,10.20
1747,-0.40,-2.74,10.15
1748,-0.34,-2.74,10.09
1748,-0.36,-2.75,9.95
1749,-0.33,-2.76,9.89
1751,-0.29,-2.77,9.83
1753,-0.25,-2.80,9.76
1756,-0.31,-2.79,9.74
1760,-0.30,-2.82,9.61
1762,-0.27,-2.83,9.45
1763,-0.25,-2.77,9.47
1766,-0.27,-2.78,9.50
1767,-0.26,-2.76,9.37
1771,-0.24,-2.76,9.33
1772,-0.22,-2.75,9.43
1777,-0.22,-2.84,9.45
1778,-0.20,-2.92,9.47
1781,-0.22,-2.96,9.58
1782,-0.20,-2.97,9.65
1785,-0.24,-3.04,9.76
1787,-0.24,-3.07,9.89
1794,-0.19,-3.07,9.99
1795,-0.18,-3.11,10.04
1796,-0.13,-3.14,10.16
1798,-0.13,-3.26,10.28
1800,-0.18,-3.35,10.35
1802,-0.19,-3.43,10.38
1805,-0.18,-3.51,10.48
1810,-0.20,-3.62,10.58
1811,-0.22,-3.71,10.58
1812,-0.20,-3.76,10.64
1816,-0.24,-3.83,10.68
1817,-0.21,-3.92,10.75
1821,-0.21,-3.95,10.73
1822,-0.23,-4.00,10.69
1828,-0.15,-4.15,10.76
1828,-0.20,-4.03,10.55
1831,-0.22,-4.08,10.56
1832,-0.20,-4.22,10.76
1835,-0.21,-4.25,10.73
1837,-0.23,-4.27,10.65
1845,-0.14,-4.31,10.62
1845,-0.13,-4.36,10.62
1846,-0.12,-4.41,10.62
1848,-0.08,-4.47,10.73
1851,-0.03,-4.49,10.68
1852,-0.02,-4.51,10.73
1856,0.03,-4.57,10.83
1862,0.10,-4.66,10.88
1863,0.13,-4.72,11.05
1863,0.16,-4.84,11.19
1866,0.23,-4.96,11.26
1868,0.32,-5.04,11.38
1872,0.40,-5.17,11.50
1874,0.45,-5.24,11.52
1878,0.60,-5.39,11.57
1879,0.70,-5.46,11.64
1883,0.80,-5.50,11.60
1883,0.96,-5.57,11.66
1886,1.09,-5.65,11.73
1888,1.24,-5.68,11.73
1897,1.36,-5.67,11.71
1898,1.47,-5.66,11.77
1899,1.53,-5.61,11.80
1900,1.55,-5.54,11.79
1901,1.55,-5.48,11.72
1903,1.58,-5.44,11.77
1908,1.58,-5.41,11.81
1908,1.54,-5.44,11.77
1912,1.49,-5.46,11.83
1913,1.45,-5.48,11.83
1917,1.37,-5.60,11.88
1918,1.36,-5.66,11.94
1922,1.29,-5.71,11.90
1924,1.30,-5.78,11.96
1928,1.33,-5.76,12.02
1928,1.29,-5.72,12.01
1932,1.29,-5.72,11.99
1934,1.25,-5.74,12.01
1937,1.32,-5.68,12.03
1940,1.25,-5.72,12.07
1946,1.23,-5.73,12.12
1947,1.28,-5.77,12.17
1947,1.22,-5.77,12.06
1949,1.18,-5.70,12.08
1952,1.23,-5.70,12.04
1954,1.17,-5.71,11.96
1957,1.14,-5.67,11.94
1962,1.19,-5.60,11.86
1963,1.15,-5.56,11.80
1964,1.12,-5.55,11.70
1968,1.13,-5.48,11.59
1969,1.17,-5.45,11.49
1974,1.18,-5.45,11.34
1974,1.15,-5.41,11.23
1979,1.11,-5.42,11.06
1979,1.09,-5.43,10.96
1983,1.06,-5.38,10.79
1984,1.00,-5.43,10.69
1987,1.02,-5.37,10.60
1989,0.96,-5.34,10.48
1994,0.87,-5.29,10.41
1995,0.82,-5.26,10.32
1996,0.83,-5.20,10.22
1999,0.75,-5.18,10.21
