1,5.18,3.74,8.05
5,5.10,3.74,8.07
6,5.06,3.74,8.07
9,4.98,3.76,8.11
11,4.96,3.81,8.12
21,4.93,3.82,8.13
22,4.80,3.80,8.07
22,4.80,3.81,8.06
22,4.76,3.81,8.02
24,4.72,3.83,8.09
26,4.71,3.84,8.07
38,4.67,3.84,8.09
38,4.66,3.85,8.04
38,4.63,3.87,8.06
39,4.60,3.87,8.02
39,4.60,3.89,8.01
41,4.55,3.86,7.92
43,4.51,3.86,7.84
49,4.50,3.89,7.72
49,4.47,3.90,7.56
51,4.40,3.95,7.47
54,4.39,3.94,7.36
56,4.35,3.92,7.33
59,4.33,3.92,7.12
62,4.30,3.93,7.04
71,4.28,3.88,6.99
72,4.22,3.90,6.89
73,4.23,3.91,6.84
73,4.22,3.91,6.76
75,4.16,3.87,6.64
76,4.10,3.89,6.63
88,4.07,3.89,6.52
88,4.07,3.88,6.43
88,4.05,3.87,6.42
89,4.02,3.86,6.43
90,4.03,3.88,6.38
91,3.99,3.91,6.32
94,3.97,3.91,6.30
99,4.01,3.89,6.22
99,4.02,3.89,6.18
101,4.00,3.89,6.17
104,4.02,3.83,6.16
106,4.04,3.82,6.12
109,4.08,3.87,6.08
111,4.12,3.85,6.09
121,4.11,3.85,6.13
122,4.17,3.85,6.06
122,4.08,3.90,6.10
123,4.08,3.90,6.08
124,4.08,3.89,6.04
126,4.12,3.92,6.08
133,4.11,3.91,6.11
134,4.07,3.85,6.11
135,4.07,3.84,6.06
136,4.08,3.80,6.09
141,4.02,3.79,6.16
141,4.07,3.77,6.09
144,4.06,3.76,6.15
149,4.03,3.78,6.23
150,4.09,3.71,6.17
151,4.02,3.72,6.26
155,3.95,3.67,6.28
156,3.97,3.65,6.27
160,3.92,3.67,6.33
161,3.93,3.65,6.28
171,3.90,3.63,6.35
172,3.87,3.59,6.37
173,3.82,3.57,6.39
173,3.72,3.56,6.44
175,3.71,3.61,6.34
176,3.72,3.54,6.42
187,3.62,3.50,6.44
188,3.63,3.47,6.47
188,3.62,3.45,6.50
188,3.60,3.49,6.48
190,3.57,3.51,6.55
192,3.52,3.49,6.48
194,3.48,3.50,6.54
198,3.56,3.57,6.52
200,3.51,3.67,6.54
201,3.47,3.69,6.52
204,3.46,3.74,6.52
206,3.41,3.76,6.56
209,3.39,3.78,6.65
212,3.38,3.75,6.75
221,3.41,3.69,6.80
222,3.41,3.68,6.87
222,3.37,3.63,6.96
222,3.38,3.58,7.07
224,3.40,3.63,7.05
227,3.46,3.64,7.14
238,3.41,3.69,7.29
238,3.44,3.71,7.33
238,3.44,3.73,7.45
239,3.45,3.74,7.50
247,3.50,3.78,7.57
248,3.52,3.81,7.70
248,3.57,3.76,7.85
254,3.61,3.76,8.05
254,3.64,3.70,8.12
255,3.74,3.63,8.33
255,3.74,3.60,8.53
257,3.79,3.58,8.64
260,3.88,3.63,8.80
262,3.97,3.67,8.98
266,4.08,3.67,9.13
267,4.13,3.65,9.27
270,4.20,3.65,9.32
272,4.34,3.63,9.45
275,4.42,3.59,9.62
276,4.45,3.57,9.66
288,4.59,3.59,9.72
288,4.67,3.63,9.77
288,4.69,3.67,9.71
289,4.71,3.72,9.73
290,4.80,3.77,9.78
292,4.75,3.80,9.81
295,4.71,3.84,9.85
299,4.64,3.87,9.96
300,4.56,3.91,10.06
302,4.47,3.94,10.12
305,4.33,3.97,10.21
307,4.23,3.93,10.28
310,4.07,3.97,10.45
313,3.99,4.03,10.55
319,3.81,4.09,10.64
320,3.74,4.17,10.76
325,3.60,4.27,10.98
326,3.49,4.42,11.22
335,3.37,4.50,11.45
335,3.26,4.50,11.76
336,3.19,4.48,12.10
336,3.15,4.43,12.47
337,3.15,4.34,12.83
337,3.16,4.27,13.26
340,3.24,4.27,13.49
343,3.28,4.33,13.88
347,3.41,4.42,14.14
352,3.60,4.62,14.41
353,3.81,4.86,14.66
353,4.02,5.04,14.87
355,4.26,5.23,15.11
357,4.55,5.34,15.37
360,4.92,5.40,15.63
365,5.40,5.55,15.81
365,5.83,5.69,15.97
367,6.26,5.92,16.09
371,6.73,6.16,16.20
372,7.22,6.51,16.37
375,7.60,6.82,16.59
377,7.99,7.15,16.82
383,8.39,7.41,17.05
383,8.80,7.62,17.32
386,9.18,7.81,17.60
387,9.44,8.04,18.01
391,9.73,8.22,18.45
392,9.96,8.39,18.90
395,10.09,8.49,19.37
402,10.15,8.62,19.93
403,10.18,8.73,20.61
403,10.21,8.78,21.26
406,10.22,8.79,21.91
407,10.23,8.78,22.62
411,10.07,8.78,23.28
416,9.93,8.76,23.88
417,9.79,8.68,24.59
417,9.60,8.61,25.19
422,9.44,8.63,25.76
422,9.21,8.68,26.31
426,9.08,8.70,26.85
427,8.97,8.66,27.40
433,8.91,8.69,27.88
434,8.82,8.79,28.32
436,8.75,8.90,28.69
438,8.70,9.07,29.12
441,8.51,9.24,29.48
443,8.37,9.38,29.80
445,8.18,9.44,30.15
450,7.93,9.56,30.32
451,7.71,9.60,30.56
452,7.39,9.59,30.81
456,7.11,9.55,30.92
457,6.74,9.50,31.07
461,6.43,9.46,31.16
466,6.18,9.36,31.18
466,5.88,9.21,31.27
468,5.62,9.13,31.19
470,5.39,9.11,31.10
472,5.15,9.10,31.09
475,4.87,9.09,30.99
477,4.63,9.13,30.72
483,4.41,9.14,30.47
483,4.19,9.10,30.24
485,3.98,8.97,30.11
487,3.73,8.82,29.83
491,3.58,8.64,29.66
493,3.29,8.50,29.46
497,3.07,8.26,29.17
501,2.84,8.04,28.98
502,2.54,7.84,28.78
503,2.25,7.56,28.54
506,2.01,7.21,28.31
507,1.75,6.76,28.17
511,1.45,6.33,27.92
518,1.15,5.75,27.59
519,0.73,5.19,27.26
519,0.37,4.66,26.92
523,0.03,4.13,26.58
524,-0.33,3.63,26.25
526,-0.71,3.10,25.87
528,-1.15,2.53,25.53
533,-1.62,1.90,25.19
533,-2.16,1.27,24.75
536,-2.75,0.51,24.24
538,-3.39,-0.26,23.69
541,-4.00,-1.06,23.20
542,-4.69,-1.89,22.78
546,-5.31,-2.69,22.11
549,-5.98,-3.43,21.52
551,-6.62,-4.18,20.85
553,-7.23,-4.91,20.17
556,-7.78,-5.64,19.36
558,-8.35,-6.38,18.59
561,-8.85,-7.10,17.74
566,-9.34,-7.84,17.00
566,-9.87,-8.53,16.10
568,-10.24,-9.20,15.15
571,-10.62,-9.84,14.20
573,-10.95,-10.42,13.23
576,-11.28,-10.95,12.26
578,-11.56,-11.52,11.30
583,-11.86,-12.01,10.25
583,-12.06,-12.44,9.24
591,-12.34,-12.87,8.27
592,-12.57,-13.20,7.27
592,-12.73,-13.33,6.22
601,-12.92,-13.47,5.20
601,-13.07,-13.41,4.01
601,-13.13,-13.49,2.88
602,-13.18,-13.55,1.92
603,-13.25,-13.46,0.76
606,-13.28,-13.50,-0.53
608,-13.25,-13.66,-1.63
611,-13.08,-13.65,-2.77
616,-13.01,-13.60,-3.89
616,-12.86,-13.35,-5.12
619,-12.67,-13.17,-6.38
621,-12.45,-12.92,-7.49
623,-12.15,-12.61,-8.80
627,-11.81,-12.30,-10.09
633,-11.46,-12.04,-11.32
634,-11.09,-11.73,-12.52
634,-10.69,-11.45,-13.62
638,-10.24,-11.13,-14.63
639,-9.77,-10.85,-15.68
642,-9.25,-10.48,-16.58
644,-8.72,-10.18,-17.33
647,-8.14,-9.91,-18.16
651,-7.58,-9.68,-18.95
651,-7.13,-9.64,-19.59
655,-6.65,-9.51,-20.26
658,-6.15,-9.44,-20.95
659,-5.62,-9.46,-21.61
663,-5.13,-9.42,-22.20
668,-4.66,-9.38,-22.70
669,-4.24,-9.39,-23.09
669,-3.80,-9.36,-23.49
673,-3.32,-9.28,-23.74
674,-2.93,-9.28,-23.96
679,-2.52,-9.24,-24.18
679,-2.10,-9.13,-24.33
683,-1.81,-9.07,-24.58
683,-1.43,-8.93,-24.81
688,-1.04,-8.74,-25.05
688,-0.61,-8.47,-25.40
691,-0.21,-8.19,-25.73
694,0.15,-7.87,-26.08
699,0.53,-7.60,-26.45
700,0.89,-7.38,-26.92
701,1.25,-7.26,-27.26
704,1.54,-7.17,-27.64
706,1.80,-7.08,-28.13
709,2.05,-7.06,-28.65
712,2.33,-6.96,-29.15
714,2.59,-6.84,-29.84
717,2.94,-6.70,-30.47
719,3.28,-6.62,-31.07
722,3.60,-6.57,-31.68
723,3.98,-6.61,-32.20
727,4.30,-6.75,-32.60
729,4.65,-6.93,-33.10
732,4.98,-7.12,-33.57
734,5.24,-7.36,-33.91
738,5.59,-7.64,-34.32
740,5.93,-7.99,-34.69
741,6.24,-8.38,-35.07
743,6.58,-8.87,-35.62
751,6.86,-9.43,-36.16
752,7.22,-10.13,-36.84
753,7.52,-10.88,-37.50
754,7.80,-11.82,-38.21
757,7.99,-12.86,-39.04
759,8.30,-13.93,-39.97
762,8.53,-15.02,-40.99
765,8.83,-16.03,-42.08
766,9.20,-16.99,-43.26
769,9.55,-17.88,-44.52
771,9.86,-18.86,-45.81
773,10.21,-19.93,-47.13
776,10.51,-21.06,-48.51
779,10.68,-22.27,-49.94
786,10.83,-23.73,-51.25
787,11.01,-25.36,-52.51
788,11.16,-27.21,-53.57
789,11.32,-29.12,-54.33
792,11.53,-31.04,-55.06
793,11.71,-32.97,-55.54
799,11.89,-35.17,-55.63
800,12.05,-37.52,-55.63
802,12.06,-39.95,-55.19
804,12.01,-42.53,-54.50
807,11.84,-45.13,-53.64
809,11.47,-47.28,-52.34
814,11.18,-50.65,-50.79
818,10.74,-55.25,-49.16
819,10.01,-58.59,-47.10
819,9.22,-61.47,-45.08
823,8.20,-64.45,-42.68
824,7.03,-67.23,-40.05
827,5.82,-68.23,-37.35
834,3.69,-71.07,-34.00
835,1.78,-76.80,-30.64
835,-0.33,-78.18,-26.86
836,-2.57,-78.16,-22.88
839,-4.89,-78.13,-18.85
842,-7.23,-78.18,-14.72
843,-9.44,-78.18,-10.63
851,-11.67,-78.18,-6.77
851,-14.34,-78.18,-2.25
852,-16.66,-78.18,2.22
854,-18.64,-78.18,6.70
857,-37.04,-78.18,65.03
859,6.17,-51.25,-0.75
862,-13.11,-22.42,-78.95
869,-1.63,6.19,21.63
870,6.10,16.12,-36.34
871,9.10,34.95,-58.14
873,7.16,2.07,-34.39
874,-0.08,-12.41,-65.56
877,-4.33,-7.36,-78.95
884,-1.18,0.76,-61.12
885,1.96,4.09,-44.88
885,1.54,0.71,-37.84
887,-2.26,-5.45,-30.02
889,-6.88,-13.27,-24.16
893,-10.20,-20.36,-14.66
894,-12.20,-26.04,-0.65
899,-13.51,-31.37,13.69
900,-13.98,-36.27,26.35
902,-14.84,-40.58,37.93
904,-15.04,-43.21,47.99
907,-12.89,-41.24,55.12
909,-9.39,-38.46,62.60
912,-8.09,-40.37,68.69
919,-5.40,-37.84,73.47
919,-2.73,-34.12,77.63
919,-0.04,-29.44,78.03
922,2.62,-24.05,77.98
924,4.96,-18.85,78.02
928,7.04,-14.56,78.03
934,8.68,-11.04,78.03
935,9.79,-8.63,78.03
935,10.95,-6.75,78.03
945,11.55,-4.47,78.03
945,11.71,-2.76,78.03
946,11.64,-1.32,78.02
946,10.99,-0.29,76.49
951,10.10,0.24,73.33
951,9.19,0.70,69.90
952,8.02,0.75,67.01
954,6.88,0.65,63.76
957,5.94,0.30,60.48
959,5.04,-0.04,57.32
963,4.12,-0.32,54.32
968,3.33,-0.49,51.32
968,2.65,-0.43,48.16
970,1.97,-0.42,45.29
972,1.44,-0.24,42.49
974,1.06,-0.06,39.87
977,0.89,0.11,37.69
984,0.95,1.02,34.60
985,0.84,2.22,28.76
985,0.86,2.07,27.20
988,0.49,2.70,27.39
989,0.33,3.51,25.82
992,0.32,3.12,23.41
994,0.49,2.78,21.36
999,0.60,3.04,19.68
1000,0.55,3.59,18.46
1004,0.47,4.36,17.39
1004,0.57,5.02,16.67
1008,0.63,5.51,16.11
1010,0.60,5.72,15.42
1014,0.47,5.74,15.01
1019,0.40,5.64,14.49
1020,0.11,5.56,14.24
1021,-0.10,5.52,14.10
1023,-0.35,5.43,13.88
1025,-0.64,5.45,13.75
1027,-0.92,5.43,13.72
1035,-1.18,5.26,13.63
1036,-1.54,5.06,13.44
1036,-1.98,4.79,13.30
1037,-2.49,4.59,13.28
1040,-3.08,4.37,13.14
1045,-3.63,4.18,12.94
1046,-4.22,3.93,12.77
1051,-4.80,3.60,12.47
1052,-5.34,3.30,12.13
1052,-5.78,2.90,11.90
1054,-6.20,2.48,11.58
1057,-6.53,2.14,11.29
1059,-6.79,1.77,10.88
1068,-6.89,1.48,10.32
1068,-6.98,1.25,9.81
1069,-7.04,1.13,9.28
1071,-7.00,1.10,8.75
1073,-6.90,1.07,8.16
1075,-6.87,1.11,7.59
1078,-6.72,1.17,7.00
1088,-6.62,1.28,6.37
1089,-6.53,1.35,5.80
1090,-6.35,1.38,5.21
1090,-6.18,1.42,4.60
1090,-6.04,1.44,4.11
1094,-5.86,1.51,3.59
1095,-5.63,1.55,3.08
1099,-5.44,1.62,2.50
1101,-5.24,1.72,2.04
1105,-5.04,1.79,1.65
1106,-4.80,1.87,1.18
1109,-4.60,1.98,0.85
1111,-4.42,2.05,0.48
1114,-4.26,2.03,0.21
1118,-4.12,2.04,-0.01
1118,-3.99,1.98,-0.14
1121,-3.92,1.97,-0.30
1124,-3.85,1.91,-0.53
1125,-3.74,1.85,-0.63
1128,-3.66,1.76,-0.74
1134,-3.59,1.66,-0.83
1134,-3.46,1.62,-0.96
1135,-3.32,1.66,-1.04
1139,-3.24,1.65,-1.05
1140,-3.12,1.73,-1.17
1145,-3.01,1.74,-1.18
1145,-2.99,1.75,-1.14
1149,-2.82,1.78,-1.20
1150,-2.70,1.74,-1.18
1154,-2.62,1.69,-1.22
1157,-2.53,1.70,-1.18
1158,-2.46,1.66,-1.13
1162,-2.38,1.56,-1.14
1165,-2.28,1.49,-1.16
1166,-2.27,1.38,-1.14
1168,-2.19,1.24,-1.23
1171,-2.11,1.22,-1.31
1173,-2.01,1.20,-1.40
1175,-1.89,1.19,-1.53
1179,-1.79,1.22,-1.71
1183,-1.66,1.27,-1.76
1184,-1.57,1.36,-1.87
1185,-1.45,1.50,-2.05
1189,-1.32,1.62,-2.31
1191,-1.20,1.71,-2.42
1194,-1.13,1.80,-2.55
1196,-1.07,1.87,-2.71
1199,-0.99,1.86,-2.77
1201,-0.89,1.86,-2.94
1205,-0.83,1.90,-3.11
1206,-0.76,1.90,-3.19
1208,-0.75,1.94,-3.33
1211,-0.66,1.98,-3.40
1217,-0.63,2.05,-3.44
1218,-0.61,2.12,-3.45
1219,-0.56,2.18,-3.47
1220,-0.49,2.23,-3.49
1224,-0.49,2.28,-3.42
1225,-0.55,2.25,-3.44
1228,-0.51,2.24,-3.39
1233,-0.51,2.21,-3.24
1234,-0.58,2.27,-3.15
1236,-0.58,2.35,-3.04
1238,-0.55,2.37,-2.93
1240,-0.57,2.38,-2.80
1243,-0.61,2.39,-2.68
1245,-0.56,2.41,-2.57
1250,-0.61,2.50,-2.39
1251,-0.63,2.58,-2.19
1253,-0.66,2.56,-2.11
1255,-0.74,2.60,-1.91
1260,-0.75,2.62,-1.69
1261,-0.73,2.64,-1.60
1269,-0.76,2.65,-1.44
1269,-0.77,2.69,-1.27
1271,-0.77,2.75,-1.09
1271,-0.85,2.80,-0.95
1275,-0.85,2.88,-0.75
1277,-0.90,2.90,-0.56
1278,-0.98,2.90,-0.43
1283,-1.00,2.92,-0.26
1284,-1.03,2.89,-0.19
1291,-1.15,2.83,-0.01
1292,-1.18,2.80,0.11
1292,-1.18,2.77,0.25
1294,-1.20,2.67,0.37
1295,-1.37,2.49,0.48
1300,-1.19,2.66,0.56
1300,-1.33,2.74,0.66
1304,-1.29,2.78,0.72
1305,-1.24,2.84,0.74
1308,-1.26,2.86,0.78
1311,-1.24,2.98,0.76
1318,-1.17,3.08,0.82
1318,-1.20,3.21,0.86
1319,-1.26,3.21,1.01
1320,-1.24,3.31,1.04
1324,-1.31,3.36,1.16
1325,-1.34,3.33,1.27
1329,-1.36,3.45,1.44
1334,-1.42,3.44,1.55
1335,-1.52,3.39,1.68
1336,-1.55,3.38,1.75
1339,-1.58,3.39,1.92
1341,-1.63,3.33,2.11
1344,-1.68,3.32,2.24
1346,-1.69,3.34,2.38
1350,-1.74,3.32,2.50
1351,-1.85,3.32,2.66
1356,-1.90,3.35,2.89
1356,-1.93,3.27,3.19
1359,-1.95,3.20,3.54
1361,-2.03,3.17,3.74
1368,-2.05,3.10,3.84
1368,-2.07,3.07,4.09
1369,-2.11,3.07,4.31
1375,-2.22,3.06,4.55
1375,-2.23,3.15,4.76
1376,-2.27,3.18,4.95
1380,-2.36,3.18,5.16
1385,-2.42,3.22,5.38
1386,-2.59,3.17,5.67
1387,-2.66,3.12,5.88
1390,-2.75,3.01,6.13
1391,-2.84,2.93,6.29
1394,-2.87,2.90,6.35
1397,-2.92,2.88,6.44
1403,-2.99,2.87,6.67
1404,-3.07,2.88,6.87
1404,-3.06,2.87,6.91
1407,-3.07,2.90,6.96
1410,-3.09,2.91,7.08
1412,-3.06,2.94,7.17
1419,-3.06,3.00,7.22
1419,-2.99,3.05,7.30
1420,-2.95,3.14,7.39
1422,-2.91,3.25,7.39
1425,-2.86,3.40,7.39
1427,-2.70,3.48,7.56
1430,-2.70,3.54,7.65
1433,-2.70,3.66,7.70
1435,-2.65,3.77,7.78
1437,-2.63,3.86,7.83
1440,-2.60,3.93,8.03
1442,-2.53,3.96,8.04
1446,-2.54,4.05,8.24
1447,-2.49,4.16,8.40
1451,-2.48,4.21,8.55
1452,-2.47,4.26,8.69
1456,-2.43,4.26,8.78
1456,-2.44,4.28,8.90
1461,-2.43,4.27,9.09
1463,-2.42,4.22,9.14
1467,-2.38,4.28,9.17
1468,-2.40,4.36,9.29
1470,-2.34,4.43,9.45
1472,-2.17,4.47,9.18
1476,-2.02,4.48,9.25
1476,-1.99,4.49,9.54
1480,-1.91,4.58,9.62
1484,-1.87,4.64,9.56
1486,-1.85,4.69,9.53
1487,-1.79,4.70,9.50
1490,-1.82,4.69,9.72
1493,-1.79,4.73,9.75
1495,-1.79,4.71,9.85
1500,-1.80,4.67,10.02
1500,-1.86,4.58,10.01
1502,-1.88,4.50,10.17
1506,-1.92,4.45,10.27
1508,-1.94,4.34,10.34
1512,-1.98,4.26,10.52
1512,-1.97,4.21,10.68
1516,-1.98,4.09,10.73
1517,-2.06,4.03,10.86
1520,-2.04,3.99,10.92
1522,-2.10,4.03,11.04
1525,-2.14,3.94,11.13
1527,-2.17,3.88,11.26
1530,-2.19,3.84,11.31
1534,-2.24,3.74,11.46
1535,-2.28,3.70,11.63
1536,-2.30,3.65,11.73
1540,-2.26,3.54,11.86
1541,-2.28,3.45,11.95
1545,-2.25,3.37,12.10
1546,-2.20,3.27,12.15
1552,-2.22,3.12,12.21
1552,-2.09,3.10,12.26
1556,-1.99,3.13,12.35
1556,-1.95,3.14,12.52
1561,-1.85,3.09,12.60
1561,-1.75,3.06,12.63
1569,-1.60,2.95,12.62
1570,-1.48,2.89,12.69
1571,-1.36,2.81,12.69
1571,-1.25,2.70,12.63
1575,-1.13,2.54,12.70
1577,-0.99,2.51,12.72
1585,-0.88,2.60,12.58
1586,-0.76,2.67,12.68
1587,-0.65,2.76,12.81
1587,-0.52,2.86,12.97
1590,-0.37,2.89,13.00
1591,-0.26,2.91,12.95
1594,-0.15,2.90,13.00
1602,-0.08,2.87,13.03
1603,0.04,2.79,13.02
1604,0.15,2.73,13.04
1607,0.23,2.62,13.02
1607,0.31,2.57,13.04
1610,0.35,2.46,13.09
1611,0.32,2.28,13.06
1618,0.36,2.11,13.02
1619,0.47,2.15,12.79
1626,0.58,2.16,13.11
1627,0.65,2.17,13.35
1627,0.76,2.16,13.34
1628,0.83,2.16,13.28
1633,0.92,2.24,13.30
1633,0.95,2.24,13.31
1635,1.06,2.24,13.32
1637,1.14,2.24,13.33
1639,1.19,2.19,13.34
1642,1.26,2.16,13.30
1645,1.28,2.12,13.37
1649,1.38,2.12,13.40
1650,1.47,2.11,13.37
1652,1.51,2.16,13.19
1655,1.59,2.16,13.08
1657,1.64,2.22,12.99
1660,1.75,2.26,12.95
1663,1.91,2.20,12.85
1667,1.99,2.16,12.73
1668,2.02,2.11,12.57
1670,2.12,2.03,12.42
1672,2.26,1.99,12.34
1676,2.33,1.92,12.29
1677,2.37,1.87,12.28
1684,2.39,1.88,12.27
1684,2.45,1.82,12.21
1685,2.50,1.80,12.14
1688,2.54,1.76,12.10
1690,2.62,1.75,12.09
1693,2.64,1.72,12.04
1696,2.65,1.79,12.06
1700,2.63,1.85,12.04
1701,2.65,1.88,11.98
1702,2.69,1.89,11.99
1708,2.67,1.89,12.01
1709,2.66,1.93,11.98
1711,2.73,1.93,11.97
1713,2.78,1.99,11.96
1717,2.74,1.97,12.01
1718,2.77,1.94,12.01
1720,2.87,1.89,12.01
1722,2.90,1.88,11.91
1727,3.00,1.83,11.84
1728,3.09,1.84,11.70
1731,3.17,1.84,11.65
1735,3.24,1.80,11.63
1736,3.32,1.74,11.61
1739,3.40,1.62,11.53
1742,3.42,1.59,11.52
1742,3.47,1.47,11.45
1746,3.50,1.40,11.35
1750,3.51,1.35,11.36
1752,3.57,1.35,11.45
1752,3.65,1.38,11.41
1756,3.67,1.36,11.35
1758,3.73,1.26,11.46
1761,3.77,1.08,11.44
1764,3.81,0.94,11.50
1769,3.87,0.76,11.69
1770,3.89,0.60,11.73
1771,3.95,0.49,11.77
1774,4.03,0.45,11.74
1776,4.10,0.38,11.72
1779,4.19,0.27,11.84
1785,4.23,0.24,11.94
1785,4.30,0.20,11.95
1786,4.39,0.18,11.84
1788,4.41,0.13,11.86
1791,4.50,0.18,11.83
1794,4.58,0.17,11.81
1802,4.57,0.17,11.82
1802,4.62,0.18,11.79
1803,4.60,0.13,11.75
1803,4.56,0.14,11.71
1806,4.56,0.15,11.63
1807,4.52,0.13,11.60
1811,4.47,0.21,11.55
1812,4.43,0.21,11.49
1817,4.39,0.20,11.41
1818,4.31,0.21,11.35
1820,4.28,0.16,11.30
1822,4.22,0.12,11.27
1826,4.17,0.05,11.14
1827,4.10,0.02,11.11
1837,4.07,0.03,11.06
1837,4.02,-0.05,10.95
1837,3.98,-0.05,10.92
1838,3.98,-0.07,10.78
1841,3.93,-0.08,10.82
1842,3.92,-0.07,10.80
1845,3.92,-0.15,10.73
1849,3.91,-0.16,10.72
1850,3.89,-0.19,10.79
1853,3.89,-0.21,10.72
1857,3.87,-0.28,10.76
1857,3.88,-0.33,10.85
1861,3.80,-0.33,10.90
1863,3.80,-0.31,10.92
1868,3.78,-0.33,10.96
1868,3.79,-0.38,10.98
1871,3.74,-0.46,11.00
1873,3.68,-0.55,11.04
1875,3.70,-0.58,10.96
1877,3.69,-0.59,10.99
1885,3.70,-0.65,11.04
1886,3.66,-0.69,10.96
1886,3.66,-0.69,10.90
1888,3.66,-0.69,10.91
1891,3.64,-0.66,10.81
1893,3.62,-0.63,10.78
1896,3.54,-0.64,10.73
1900,3.45,-0.57,10.65
1902,3.47,-0.50,10.54
1903,3.41,-0.48,10.53
1907,3.34,-0.46,10.37
1908,3.29,-0.43,10.29
1911,3.19,-0.39,10.27
1914,3.10,-0.40,10.23
1917,3.13,-0.36,10.15
1918,3.03,-0.37,10.13
1922,2.98,-0.33,10.10
1923,2.97,-0.31,10.01
1927,2.88,-0.30,10.01
1929,2.85,-0.29,9.98
1932,2.85,-0.24,9.91
1935,2.90,-0.18,9.80
1936,2.87,-0.15,9.91
1941,2.84,-0.14,9.85
1943,2.84,-0.11,9.81
1943,2.90,-0.09,9.75
1947,2.91,-0.06,9.85
1950,2.95,-0.03,9.82
1951,2.98,-0.04,9.83
1953,2.96,-0.06,9.89
1957,3.04,-0.01,9.85
1959,3.03,-0.01,9.82
1961,2.95,0.02,9.86
1964,2.98,0.09,9.84
1968,3.01,0.13,9.80
1969,3.02,0.14,9.78
1973,3.08,0.10,9.76
1973,3.12,0.07,9.80
1977,3.13,0.08,9.76
1979,3.19,0.08,9.68
1982,3.22,0.00,9.61
1987,3.26,-0.06,9.58
1988,3.30,-0.09,9.52
1989,3.35,-0.10,9.42
1994,3.33,-0.12,9.38
1994,3.43,-0.11,9.22
1998,3.40,-0.15,9.24
