4,0.03,0.66,-0.04
8,0.03,0.72,-0.04
12,0.03,0.75,-0.04
23,0.02,0.74,-0.05
23,-0.00,0.70,-0.05
28,-0.03,0.64,-0.06
34,-0.06,0.57,-0.07
38,-0.10,0.50,-0.07
43,-0.14,0.44,-0.08
51,-0.18,0.39,-0.09
53,-0.22,0.35,-0.09
58,-0.25,0.34,-0.10
67,-0.29,0.35,-0.12
68,-0.34,0.38,-0.13
74,-0.37,0.41,-0.14
78,-0.37,0.45,-0.14
83,-0.37,0.49,-0.15
89,-0.36,0.55,-0.14
93,-0.35,0.62,-0.14
106,-0.37,0.72,-0.14
106,-0.42,0.82,-0.13
111,-0.51,0.91,-0.12
118,-0.61,0.98,-0.09
119,-0.71,1.01,-0.07
124,-0.81,1.00,-0.05
129,-0.90,0.95,-0.03
134,-0.98,0.86,-0.01
139,-1.04,0.75,-0.00
143,-1.07,0.64,0.00
155,-1.07,0.57,0.01
156,-1.06,0.55,0.00
159,-1.03,0.61,0.00
167,-0.96,0.73,-0.01
170,-0.86,0.93,-0.01
174,-0.75,1.20,-0.03
178,-0.64,1.50,-0.04
190,-0.52,1.78,-0.06
191,-0.37,2.00,-0.08
194,-0.21,2.11,-0.10
207,-0.04,2.12,-0.13
208,0.13,2.05,-0.14
210,0.31,1.92,-0.15
223,0.47,1.76,-0.16
224,0.61,1.59,-0.17
224,0.75,1.43,-0.18
234,0.86,1.29,-0.18
239,0.98,1.18,-0.17
240,1.08,1.09,-0.16
243,1.18,1.00,-0.15
249,1.26,0.91,-0.13
253,1.34,0.76,-0.10
258,1.44,0.53,-0.08
267,1.56,0.22,-0.06
269,1.70,-0.15,-0.04
274,1.88,-0.56,-0.02
279,2.06,-0.97,0.00
289,2.28,-1.38,0.02
290,2.52,-1.72,0.03
294,2.77,-1.99,0.03
307,3.00,-2.14,0.01
308,3.23,-2.21,-0.05
309,3.45,-2.18,-0.13
317,3.68,-2.07,-0.25
320,3.90,-1.90,-0.39
324,4.13,-1.67,-0.56
333,4.36,-1.42,-0.74
335,4.61,-1.15,-0.92
340,4.85,-0.90,-1.10
344,5.09,-0.66,-1.27
351,5.33,-0.46,-1.43
354,5.57,-0.26,-1.59
359,5.80,-0.06,-1.73
366,6.02,0.15,-1.85
369,6.24,0.37,-1.95
375,6.43,0.59,-2.03
379,6.60,0.82,-2.10
385,6.77,1.06,-2.15
390,6.91,1.30,-2.16
394,7.03,1.52,-2.16
402,7.13,1.72,-2.12
404,7.22,1.89,-2.05
410,7.30,2.05,-1.95
418,7.37,2.20,-1.83
420,7.41,2.35,-1.67
425,7.44,2.46,-1.50
434,7.43,2.57,-1.31
436,7.40,2.66,-1.11
440,7.34,2.71,-0.90
444,7.23,2.72,-0.69
451,7.09,2.66,-0.48
454,6.91,2.53,-0.27
459,6.69,2.29,-0.07
466,6.45,2.00,0.11
470,6.17,1.67,0.27
475,5.84,1.33,0.41
480,5.49,1.02,0.52
485,5.10,0.75,0.62
490,4.69,0.51,0.71
494,4.27,0.31,0.76
500,3.85,0.13,0.81
504,3.46,-0.02,0.83
510,3.10,-0.15,0.84
518,2.78,-0.24,0.83
520,2.49,-0.29,0.81
525,2.25,-0.32,0.77
535,2.07,-0.32,0.72
536,1.96,-0.27,0.66
539,1.91,-0.17,0.59
545,1.90,0.01,0.53
560,1.92,0.24,0.46
560,1.95,0.55,0.39
561,1.99,0.93,0.31
566,2.02,1.37,0.24
570,2.03,1.83,0.18
575,1.98,2.30,0.11
584,1.86,2.76,0.05
585,1.69,3.16,-0.01
590,1.45,3.50,-0.08
594,1.15,3.75,-0.16
606,0.78,3.94,-0.24
607,0.33,4.08,-0.32
610,-0.19,4.15,-0.38
619,-0.78,4.13,-0.45
620,-1.44,4.02,-0.51
625,-2.20,3.86,-0.57
634,-3.05,3.65,-0.63
637,-4.00,3.37,-0.70
640,-5.04,3.02,-0.77
645,-6.19,2.62,-0.86
651,-7.45,2.17,-0.97
655,-8.78,1.66,-1.10
660,-10.13,1.08,-1.25
667,-11.47,0.49,-1.41
671,-12.77,-0.00,-1.56
675,-14.04,-0.32,-1.65
684,-15.22,-0.51,-1.68
685,-16.30,-0.67,-1.65
691,-17.18,-0.91,-1.44
695,-17.45,-1.29,-1.11
703,-17.45,-1.70,-0.73
705,-17.44,-2.06,-0.30
711,-17.45,-2.20,0.13
716,-6.30,-7.00,0.23
720,-0.41,-9.56,-0.08
725,-1.15,-3.03,0.31
733,-6.25,6.12,1.48
735,-5.84,9.82,1.19
740,-9.33,11.78,0.98
747,-10.74,11.00,0.25
753,-11.63,8.56,-0.98
755,-12.31,4.93,-2.12
761,-11.86,1.51,-2.95
771,-10.70,-1.14,-3.51
771,-9.52,-2.98,-3.66
775,-8.04,-3.84,-3.49
784,-6.43,-3.77,-3.17
785,-4.51,-2.73,-2.77
791,-2.65,-1.01,-2.35
796,-0.88,0.83,-1.92
801,0.85,2.35,-1.58
806,2.46,3.44,-1.36
812,3.84,4.14,-1.27
817,4.92,4.54,-1.28
822,5.72,4.63,-1.33
826,6.33,4.31,-1.40
834,6.80,3.60,-1.45
836,7.14,2.62,-1.49
842,7.36,1.58,-1.48
847,7.62,0.83,-1.41
852,7.52,0.49,-1.32
859,7.11,0.37,-1.19
861,6.94,0.37,-1.01
867,6.60,0.40,-0.85
871,6.17,0.39,-0.71
877,5.84,0.30,-0.55
884,5.53,0.06,-0.43
887,5.25,-0.33,-0.34
892,5.01,-0.79,-0.27
897,4.82,-1.25,-0.24
902,4.68,-1.63,-0.24
906,4.57,-1.88,-0.25
911,4.49,-1.96,-0.26
917,4.42,-1.90,-0.27
923,4.36,-1.71,-0.28
926,4.32,-1.44,-0.29
933,4.26,-1.15,-0.30
937,4.20,-0.85,-0.31
941,4.12,-0.58,-0.32
946,4.03,-0.35,-0.32
952,3.92,-0.15,-0.34
956,3.78,-0.01,-0.35
961,3.62,0.08,-0.36
969,3.44,0.14,-0.38
972,3.24,0.18,-0.39
977,3.00,0.19,-0.41
984,2.75,0.16,-0.43
986,2.49,0.07,-0.45
991,2.23,-0.09,-0.47
996,1.95,-0.32,-0.49
1001,1.68,-0.60,-0.51
1006,1.44,-0.92,-0.52
1012,1.22,-1.25,-0.53
1018,1.00,-1.55,-0.53
1022,0.81,-1.79,-0.52
1026,0.64,-1.96,-0.50
1034,0.49,-2.06,-0.47
1038,0.36,-2.09,-0.43
1041,0.26,-2.06,-0.39
1047,0.17,-1.97,-0.34
1053,0.09,-1.86,-0.30
1057,0.03,-1.72,-0.27
1061,-0.02,-1.58,-0.25
1069,-0.07,-1.45,-0.24
1075,-0.11,-1.32,-0.23
1077,-0.15,-1.20,-0.23
1084,-0.19,-1.08,-0.24
1087,-0.24,-0.98,-0.25
1092,-0.30,-0.88,-0.27
1100,-0.36,-0.80,-0.30
1101,-0.45,-0.74,-0.33
1107,-0.54,-0.71,-0.37
1113,-0.64,-0.72,-0.41
1118,-0.73,-0.76,-0.46
1122,-0.83,-0.82,-0.50
1127,-0.94,-0.87,-0.55
1135,-1.06,-0.91,-0.61
1138,-1.17,-0.94,-0.66
1143,-1.27,-0.96,-0.70
1149,-1.38,-0.95,-0.73
1154,-1.48,-0.93,-0.76
1157,-1.57,-0.89,-0.79
1163,-1.67,-0.86,-0.82
1170,-1.75,-0.82,-0.86
1173,-1.82,-0.79,-0.88
1178,-1.89,-0.75,-0.91
1185,-1.95,-0.70,-0.93
1187,-2.01,-0.64,-0.95
1192,-2.07,-0.57,-0.96
1198,-2.14,-0.51,-0.97
1204,-2.19,-0.44,-0.97
1208,-2.23,-0.37,-0.97
1213,-2.27,-0.30,-0.97
1218,-2.30,-0.23,-0.96
1224,-2.34,-0.17,-0.96
1228,-2.38,-0.11,-0.95
1236,-2.43,-0.08,-0.95
1238,-2.47,-0.07,-0.95
1243,-2.52,-0.10,-0.95
1248,-2.57,-0.14,-0.95
1254,-2.63,-0.20,-0.96
1258,-2.69,-0.25,-0.95
1263,-2.76,-0.29,-0.94
1269,-2.84,-0.32,-0.92
1274,-2.92,-0.35,-0.90
1279,-3.01,-0.35,-0.87
1285,-3.10,-0.35,-0.84
1289,-3.17,-0.34,-0.82
1292,-3.25,-0.32,-0.81
1297,-3.32,-0.31,-0.79
1303,-3.38,-0.29,-0.79
1307,-3.43,-0.26,-0.78
1313,-3.48,-0.23,-0.79
1318,-3.51,-0.20,-0.79
1323,-3.53,-0.15,-0.80
1329,-3.55,-0.11,-0.82
1335,-3.55,-0.05,-0.83
1339,-3.55,0.01,-0.85
1343,-3.53,0.08,-0.86
1348,-3.51,0.17,-0.87
1353,-3.48,0.28,-0.88
1358,-3.46,0.40,-0.88
1363,-3.43,0.53,-0.86
1368,-3.39,0.66,-0.85
1374,-3.33,0.79,-0.84
1378,-3.28,0.91,-0.82
1385,-3.20,1.03,-0.82
1388,-3.13,1.14,-0.81
1395,-3.06,1.24,-0.80
1402,-2.99,1.31,-0.79
1405,-2.91,1.35,-0.78
1408,-2.84,1.35,-0.77
1414,-2.77,1.33,-0.75
1420,-2.70,1.30,-0.73
1423,-2.63,1.25,-0.69
1428,-2.58,1.19,-0.64
1434,-2.53,1.12,-0.59
1438,-2.48,1.04,-0.52
1445,-2.43,0.94,-0.46
1452,-2.39,0.84,-0.38
1454,-2.35,0.72,-0.31
1459,-2.30,0.60,-0.24
1464,-2.26,0.47,-0.18
1475,-2.22,0.35,-0.12
1479,-2.17,0.23,-0.07
1481,-2.11,0.12,-0.03
1488,-2.05,0.03,0.00
1489,-1.98,-0.06,0.03
1493,-1.92,-0.12,0.04
1501,-1.85,-0.16,0.06
1504,-1.79,-0.17,0.07
1509,-1.72,-0.16,0.08
1514,-1.67,-0.13,0.10
1522,-1.61,-0.08,0.12
1525,-1.56,-0.04,0.14
1529,-1.51,0.01,0.17
1534,-1.45,0.04,0.21
1539,-1.40,0.04,0.24
1544,-1.34,0.02,0.27
1549,-1.28,-0.04,0.30
1554,-1.22,-0.14,0.33
1560,-1.16,-0.26,0.35
1565,-1.09,-0.41,0.38
1572,-1.02,-0.58,0.40
1577,-0.96,-0.76,0.41
1579,-0.90,-0.92,0.42
1586,-0.84,-1.08,0.44
1590,-0.79,-1.21,0.45
1596,-0.73,-1.31,0.46
1604,-0.68,-1.38,0.47
1606,-0.64,-1.41,0.47
1609,-0.60,-1.42,0.46
1615,-0.56,-1.39,0.46
1620,-0.53,-1.32,0.46
1623,-0.50,-1.24,0.44
1628,-0.47,-1.15,0.43
1635,-0.45,-1.06,0.40
1639,-0.43,-0.97,0.38
1644,-0.42,-0.89,0.35
1652,-0.41,-0.84,0.33
1654,-0.39,-0.81,0.30
1659,-0.38,-0.83,0.28
1664,-0.37,-0.89,0.26
1671,-0.35,-0.99,0.25
1675,-0.34,-1.13,0.24
1680,-0.33,-1.29,0.23
1688,-0.30,-1.45,0.23
1689,-0.28,-1.61,0.23
1695,-0.27,-1.73,0.23
1701,-0.25,-1.81,0.24
1704,-0.24,-1.85,0.25
1709,-0.24,-1.84,0.27
1721,-0.24,-1.80,0.29
1722,-0.24,-1.73,0.31
1725,-0.25,-1.63,0.34
1729,-0.27,-1.54,0.37
1740,-0.29,-1.47,0.41
1742,-0.30,-1.43,0.45
1744,-0.30,-1.44,0.50
1751,-0.29,-1.51,0.55
1755,-0.26,-1.60,0.59
1760,-0.21,-1.72,0.62
1766,-0.17,-1.85,0.66
1770,-0.11,-1.98,0.70
1776,-0.06,-2.10,0.72
1780,-0.00,-2.21,0.76
1785,0.07,-2.31,0.78
1791,0.14,-2.40,0.79
1795,0.19,-2.50,0.78
1804,0.24,-2.56,0.77
1805,0.32,-2.61,0.77
1810,0.37,-2.66,0.77
1816,0.41,-2.69,0.74
1822,0.46,-2.71,0.72
1826,0.51,-2.71,0.70
1831,0.57,-2.69,0.68
1836,0.64,-2.65,0.66
1840,0.71,-2.59,0.63
1846,0.78,-2.52,0.59
1853,0.84,-2.44,0.57
1855,0.91,-2.34,0.54
1862,0.97,-2.24,0.49
1865,1.02,-2.15,0.45
1869,1.06,-2.05,0.41
1874,1.09,-1.96,0.37
1879,1.12,-1.86,0.33
1885,1.14,-1.78,0.29
1889,1.15,-1.70,0.26
1895,1.16,-1.63,0.22
1901,1.17,-1.57,0.19
1905,1.18,-1.51,0.15
1910,1.18,-1.44,0.12
1921,1.18,-1.38,0.09
1922,1.18,-1.32,0.06
1925,1.18,-1.25,0.04
1930,1.18,-1.19,0.02
1936,1.18,-1.13,-0.00
1941,1.18,-1.08,-0.03
1945,1.17,-1.03,-0.05
1954,1.16,-0.97,-0.06
1974,1.13,-0.91,-0.08
1975,1.10,-0.85,-0.10
1976,1.08,-0.79,-0.12
1976,1.05,-0.74,-0.13
1977,1.03,-0.71,-0.13
1983,1.01,-0.70,-0.14
1986,1.00,-0.70,-0.14
1991,1.00,-0.71,-0.15
1996,1.01,-0.73,-0.16
