1,-0.36,0.24,-0.04
6,-0.42,0.07,-0.01
10,-0.48,-0.11,0.03
21,-0.52,-0.27,0.07
21,-0.56,-0.42,0.11
24,-0.60,-0.54,0.15
33,-0.63,-0.63,0.18
35,-0.64,-0.69,0.20
41,-0.65,-0.72,0.22
49,-0.64,-0.72,0.23
50,-0.63,-0.68,0.23
55,-0.62,-0.61,0.23
60,-0.60,-0.53,0.22
65,-0.56,-0.45,0.21
72,-0.52,-0.36,0.19
75,-0.47,-0.27,0.17
82,-0.42,-0.18,0.16
85,-0.36,-0.12,0.14
90,-0.29,-0.08,0.12
99,-0.21,-0.06,0.10
101,-0.14,-0.05,0.08
106,-0.07,-0.03,0.06
110,-0.01,0.01,0.05
121,0.05,0.05,0.03
122,0.10,0.10,0.03
125,0.14,0.16,0.02
132,0.17,0.21,0.02
135,0.19,0.26,0.03
141,0.21,0.28,0.04
155,0.23,0.29,0.06
156,0.24,0.27,0.08
157,0.25,0.23,0.10
161,0.26,0.18,0.12
171,0.26,0.11,0.15
172,0.26,0.04,0.17
175,0.27,-0.03,0.19
188,0.26,-0.09,0.20
189,0.26,-0.12,0.22
190,0.25,-0.13,0.23
197,0.23,-0.13,0.24
201,0.22,-0.11,0.24
205,0.20,-0.09,0.25
210,0.19,-0.08,0.25
215,0.17,-0.07,0.24
221,0.16,-0.07,0.24
226,0.15,-0.08,0.24
238,0.13,-0.09,0.23
239,0.12,-0.11,0.23
241,0.11,-0.12,0.22
254,0.10,-0.14,0.21
255,0.08,-0.16,0.21
256,0.07,-0.17,0.21
261,0.06,-0.18,0.21
266,0.06,-0.19,0.21
270,0.06,-0.21,0.21
276,0.05,-0.23,0.20
282,0.06,-0.25,0.19
286,0.06,-0.27,0.18
291,0.06,-0.29,0.17
297,0.07,-0.30,0.16
301,0.07,-0.30,0.14
305,0.08,-0.30,0.13
311,0.08,-0.28,0.11
316,0.09,-0.26,0.10
321,0.10,-0.23,0.09
326,0.11,-0.20,0.07
339,0.12,-0.18,0.06
339,0.13,-0.15,0.05
341,0.14,-0.12,0.04
348,0.16,-0.09,0.03
351,0.16,-0.07,0.02
356,0.17,-0.06,0.02
361,0.18,-0.05,0.01
366,0.19,-0.05,0.00
371,0.19,-0.06,-0.00
376,0.20,-0.07,-0.01
383,0.20,-0.07,-0.01
386,0.20,-0.08,-0.02
391,0.20,-0.08,-0.02
400,0.19,-0.06,-0.02
402,0.19,-0.05,-0.02
407,0.18,-0.03,-0.02
411,0.17,-0.01,-0.02
421,0.16,0.00,-0.02
422,0.15,0.02,-0.02
426,0.15,0.02,-0.02
432,0.14,0.01,-0.02
436,0.14,0.00,-0.02
441,0.13,-0.01,-0.01
449,0.12,-0.01,-0.01
452,0.12,-0.01,-0.01
457,0.11,-0.01,-0.01
465,0.10,0.00,-0.02
472,0.10,0.01,-0.02
473,0.09,0.02,-0.03
476,0.08,0.03,-0.03
482,0.07,0.04,-0.03
486,0.06,0.05,-0.03
492,0.06,0.05,-0.04
497,0.04,0.05,-0.04
502,0.03,0.04,-0.04
506,0.02,0.02,-0.04
511,0.02,0.00,-0.04
517,0.01,-0.02,-0.04
522,0.01,-0.03,-0.03
526,0.00,-0.03,-0.03
535,0.00,-0.04,-0.02
538,0.00,-0.04,-0.01
543,-0.00,-0.03,-0.01
550,-0.00,-0.03,-0.01
554,-0.01,-0.01,-0.01
558,-0.01,-0.00,-0.01
564,-0.02,-0.00,-0.01
569,-0.02,-0.02,-0.02
573,-0.02,-0.04,-0.02
576,-0.02,-0.06,-0.02
582,-0.01,-0.08,-0.02
587,-0.01,-0.09,-0.01
593,-0.00,-0.09,-0.01
600,0.01,-0.08,-0.01
603,0.02,-0.06,-0.00
608,0.02,-0.03,0.00
613,0.03,-0.01,-0.00
618,0.03,0.02,-0.00
624,0.03,0.05,-0.00
628,0.04,0.07,-0.01
633,0.04,0.08,-0.02
638,0.03,0.08,-0.02
644,0.02,0.09,-0.03
659,0.01,0.09,-0.04
661,-0.01,0.08,-0.04
661,-0.02,0.07,-0.05
666,-0.03,0.05,-0.05
668,-0.03,0.03,-0.05
672,-0.04,0.02,-0.04
677,-0.04,0.00,-0.03
683,-0.05,-0.02,-0.03
687,-0.04,-0.04,-0.02
692,-0.04,-0.06,-0.01
699,-0.03,-0.08,-0.00
703,-0.03,-0.09,-0.00
708,-0.02,-0.10,0.00
716,-0.02,-0.11,0.00
717,-0.01,-0.11,0.00
724,0.00,-0.09,-0.00
727,0.01,-0.06,-0.01
734,0.01,-0.03,-0.02
738,0.02,-0.00,-0.03
744,0.03,0.03,-0.04
751,0.03,0.06,-0.05
753,0.03,0.09,-0.06
758,0.03,0.12,-0.07
766,0.02,0.14,-0.08
768,0.02,0.15,-0.10
773,0.02,0.15,-0.10
777,0.03,0.16,-0.11
783,0.02,0.16,-0.12
790,0.02,0.16,-0.12
795,0.02,0.16,-0.12
799,0.02,0.14,-0.11
803,0.03,0.11,-0.11
807,0.03,0.08,-0.10
816,0.04,0.04,-0.10
817,0.05,-0.00,-0.09
823,0.05,-0.04,-0.09
827,0.05,-0.07,-0.08
834,0.05,-0.09,-0.08
838,0.06,-0.11,-0.07
843,0.06,-0.11,-0.07
849,0.06,-0.09,-0.07
853,0.06,-0.06,-0.07
858,0.06,-0.02,-0.07
866,0.05,0.02,-0.07
868,0.05,0.06,-0.07
873,0.05,0.09,-0.08
878,0.05,0.10,-0.09
885,0.05,0.11,-0.09
888,0.05,0.12,-0.10
893,0.06,0.12,-0.10
898,0.06,0.12,-0.11
903,0.07,0.11,-0.11
908,0.07,0.10,-0.11
917,0.07,0.08,-0.11
918,0.08,0.06,-0.11
924,0.08,0.05,-0.10
928,0.09,0.02,-0.09
934,0.09,0.00,-0.09
939,0.09,-0.02,-0.08
943,0.09,-0.04,-0.07
951,0.09,-0.06,-0.06
954,0.09,-0.06,-0.05
960,0.09,-0.06,-0.05
968,0.09,-0.05,-0.04
970,0.09,-0.03,-0.04
974,0.08,-0.01,-0.03
978,0.08,0.02,-0.04
984,0.07,0.04,-0.04
990,0.06,0.06,-0.04
993,0.06,0.07,-0.05
1000,0.06,0.08,-0.05
1004,0.05,0.08,-0.06
1008,0.03,0.08,-0.06
1016,0.03,0.06,-0.06
1018,0.03,0.04,-0.06
1024,0.03,0.02,-0.06
1028,0.03,0.00,-0.06
1033,0.03,-0.01,-0.05
1039,0.03,-0.01,-0.04
1044,0.03,-0.01,-0.03
1053,0.03,-0.01,-0.02
1054,0.03,-0.02,-0.02
1059,0.03,-0.02,-0.01
1069,0.03,-0.02,-0.01
1070,0.02,-0.01,-0.01
1074,0.02,-0.01,-0.00
1080,0.02,-0.01,-0.00
1087,0.02,-0.00,-0.00
1088,0.01,-0.00,-0.01
1093,0.02,0.00,-0.01
1099,0.01,0.01,-0.01
1105,0.01,0.02,-0.01
1109,0.01,0.04,-0.01
1116,0.01,0.06,-0.01
1121,0.01,0.07,-0.01
1125,0.01,0.08,-0.01
1129,0.01,0.07,-0.02
1134,0.01,0.07,-0.02
1139,0.01,0.06,-0.02
1144,0.01,0.05,-0.02
1150,0.01,0.02,-0.02
1154,0.01,0.00,-0.01
1160,0.01,-0.02,-0.01
1166,0.02,-0.03,-0.01
1170,0.02,-0.03,-0.00
1175,0.02,-0.02,0.01
1180,0.02,-0.01,0.01
1185,0.02,0.00,0.02
1190,0.02,0.02,0.02
1194,0.02,0.03,0.03
1201,0.01,0.04,0.03
1205,0.01,0.05,0.03
1209,0.00,0.05,0.03
1216,-0.01,0.05,0.03
1219,-0.02,0.04,0.03
1224,-0.03,0.03,0.03
1230,-0.03,0.02,0.04
1235,-0.04,-0.01,0.03
1239,-0.04,-0.03,0.03
1244,-0.04,-0.05,0.04
1250,-0.03,-0.06,0.04
1255,-0.03,-0.06,0.04
1259,-0.03,-0.06,0.04
1267,-0.02,-0.05,0.04
1270,-0.02,-0.04,0.04
1274,-0.01,-0.02,0.04
1284,-0.00,-0.02,0.04
1285,0.00,-0.01,0.04
1291,0.01,-0.00,0.04
1295,0.02,0.00,0.03
1304,0.02,0.01,0.03
1306,0.01,0.02,0.03
1312,0.01,0.03,0.03
1320,0.00,0.05,0.02
1321,-0.00,0.06,0.02
1326,-0.00,0.07,0.02
1333,-0.01,0.07,0.01
1335,-0.01,0.07,0.01
1340,-0.01,0.06,0.00
1345,-0.01,0.05,0.00
1350,-0.01,0.04,0.00
1354,-0.00,0.03,-0.00
1359,0.01,0.01,-0.01
1366,0.01,0.00,-0.01
1370,0.02,-0.01,-0.01
1374,0.02,-0.01,-0.01
1384,0.02,-0.01,-0.01
1386,0.03,-0.01,-0.02
1390,0.03,-0.01,-0.02
1395,0.03,-0.00,-0.02
1401,0.03,0.00,-0.02
1406,0.02,0.01,-0.02
1411,0.01,0.01,-0.02
1424,0.01,0.01,-0.01
1425,0.01,0.01,-0.01
1426,0.01,0.01,-0.01
1430,0.01,0.00,-0.01
1437,0.01,-0.00,-0.00
1442,0.01,-0.00,-0.00
1448,0.01,-0.01,-0.00
1451,0.00,-0.01,-0.00
1457,0.00,-0.02,-0.00
1461,-0.00,-0.02,-0.01
1466,-0.00,-0.02,-0.01
1472,-0.00,-0.03,-0.01
1476,-0.00,-0.02,-0.02
1483,-0.01,-0.02,-0.02
1486,-0.01,-0.02,-0.02
1491,-0.01,-0.01,-0.02
1496,-0.01,-0.02,-0.02
1501,-0.01,-0.02,-0.02
1508,-0.01,-0.01,-0.02
1512,-0.01,-0.01,-0.01
1518,-0.00,-0.01,-0.01
1521,-0.01,-0.00,-0.01
1527,-0.00,0.01,-0.01
1536,-0.00,0.02,-0.01
1537,-0.01,0.03,-0.01
1542,-0.00,0.04,-0.00
1547,-0.00,0.04,-0.00
1552,0.00,0.05,0.00
1556,0.00,0.05,0.00
1561,-0.00,0.05,0.00
1567,-0.00,0.05,0.00
1570,-0.00,0.04,0.00
1575,0.00,0.03,0.00
1583,0.01,0.03,0.00
1585,0.00,0.02,0.00
1590,0.01,0.02,0.00
1595,0.00,0.02,0.00
1600,0.00,0.02,0.00
1606,0.01,0.03,0.01
1610,0.01,0.03,0.01
1616,0.01,0.03,0.01
1620,0.01,0.04,0.01
1626,0.01,0.04,0.01
1631,0.01,0.03,0.01
1638,0.01,0.02,0.01
1640,0.01,0.01,0.01
1647,0.02,-0.00,0.01
1652,0.02,-0.02,0.01
1657,0.02,-0.02,0.00
1661,0.02,-0.02,0.01
1667,0.02,-0.01,0.01
1671,0.02,-0.00,0.01
1676,0.02,0.01,0.01
1686,0.02,0.01,0.01
1687,0.02,0.02,0.00
1709,0.02,0.02,0.00
1711,0.02,0.03,-0.00
1713,0.02,0.04,-0.01
1714,0.01,0.05,-0.01
1717,0.01,0.05,-0.01
1718,-0.00,0.06,-0.01
1724,0.00,0.06,-0.01
1726,-0.00,0.04,-0.01
1733,0.01,0.02,-0.00
1738,0.01,0.01,-0.00
1741,0.02,-0.00,-0.00
1748,0.02,-0.00,-0.00
1752,0.02,0.01,-0.00
1757,0.02,0.02,-0.00
1762,0.02,0.04,0.00
1767,0.02,0.06,0.00
1773,0.02,0.07,0.00
1776,0.02,0.08,0.00
1782,0.02,0.07,0.00
1787,0.02,0.06,0.00
1792,0.02,0.05,0.00
1797,0.02,0.04,-0.00
1802,0.01,0.03,-0.00
1807,0.01,0.02,-0.01
1813,0.01,0.02,-0.01
1817,0.01,0.03,-0.00
1822,0.00,0.03,-0.00
1829,0.01,0.03,0.00
1836,0.01,0.02,0.00
1837,0.02,0.03,0.00
1842,0.02,0.02,0.01
1848,0.02,0.02,0.01
1854,0.03,0.02,0.01
1859,0.03,0.02,0.00
1863,0.03,0.03,0.00
1868,0.02,0.03,0.00
1872,0.02,0.03,0.00
1877,0.03,0.03,0.01
1885,0.03,0.02,0.01
1887,0.03,0.02,0.01
1891,0.03,0.02,0.01
1898,0.03,0.03,0.01
1902,0.03,0.04,0.02
1906,0.02,0.04,0.02
1912,0.02,0.05,0.02
1918,0.02,0.05,0.02
1922,0.01,0.05,0.03
1928,0.01,0.03,0.03
1936,0.01,0.01,0.03
1937,0.02,-0.02,0.03
1941,0.02,-0.04,0.03
1952,0.02,-0.05,0.03
1953,0.02,-0.05,0.03
1958,0.03,-0.04,0.03
1962,0.03,-0.03,0.03
1970,0.03,-0.02,0.03
1972,0.02,-0.00,0.03
1977,0.02,0.01,0.03
1987,0.02,0.02,0.03
1989,0.02,0.03,0.03
1993,0.01,0.04,0.02
1998,0.01,0.04,0.02
