1,4.38,2.64,7.48
4,4.24,2.45,7.71
5,4.12,2.31,7.74
13,4.05,2.23,7.68
14,4.07,2.26,7.72
14,4.09,2.23,7.96
14,4.06,2.27,8.11
16,3.99,2.25,8.13
18,3.98,2.29,8.21
21,4.08,2.30,8.29
27,4.08,2.28,8.35
27,4.08,2.21,8.38
29,4.10,2.13,8.30
32,3.99,2.17,8.23
35,4.08,2.29,8.36
37,4.06,2.25,8.49
47,4.01,2.28,8.39
47,3.97,2.30,8.16
47,4.00,2.40,8.21
47,3.99,2.45,8.49
50,3.86,2.41,8.45
52,3.93,2.47,8.29
55,3.91,2.44,8.39
59,3.83,2.39,8.45
59,3.83,2.40,8.27
63,3.76,2.43,8.26
65,3.71,2.43,8.31
68,3.70,2.47,8.20
71,3.60,2.48,8.16
72,3.61,2.57,8.12
83,3.59,2.57,8.17
83,3.47,2.56,8.20
83,3.45,2.56,8.03
83,3.45,2.56,7.91
85,3.37,2.54,7.89
87,3.26,2.50,7.80
90,3.18,2.55,7.75
97,3.13,2.58,7.66
97,3.07,2.54,7.58
97,3.09,2.57,7.43
100,3.01,2.53,7.39
104,2.98,2.55,7.29
104,2.95,2.50,7.17
109,2.95,2.53,7.08
110,2.88,2.51,7.07
113,2.84,2.47,6.96
115,2.85,2.41,6.92
117,2.76,2.42,6.87
120,2.80,2.38,6.80
123,2.85,2.32,6.68
126,2.88,2.30,6.61
127,2.83,2.28,6.55
129,2.83,2.22,6.47
132,2.93,2.20,6.33
134,2.92,2.14,6.20
136,2.94,2.12,6.13
148,3.01,2.08,6.05
148,3.06,2.00,6.01
149,3.11,1.98,5.79
149,3.15,1.89,5.63
150,3.20,1.85,5.44
151,3.22,1.86,5.29
155,3.24,1.79,5.19
159,3.27,1.68,5.11
160,3.30,1.61,4.87
163,3.30,1.55,4.62
164,3.31,1.52,4.44
167,3.37,1.48,4.26
170,3.35,1.41,4.13
172,3.34,1.40,3.98
177,3.32,1.35,3.80
177,3.24,1.29,3.58
180,3.25,1.28,3.37
182,3.22,1.28,3.20
185,3.12,1.19,3.12
187,3.02,1.08,2.96
201,2.94,1.05,2.78
201,2.86,0.95,2.62
201,2.77,0.85,2.50
201,2.64,0.76,2.39
201,2.59,0.65,2.26
203,2.53,0.45,2.16
205,2.46,0.37,1.99
208,2.46,0.29,1.77
210,2.45,0.23,1.62
214,2.47,0.15,1.49
214,2.46,0.12,1.36
217,2.45,0.04,1.26
220,2.38,-0.03,1.15
227,2.44,-0.09,1.03
227,2.31,-0.21,0.89
228,1.51,-0.43,-0.67
230,2.02,-0.24,-2.00
232,2.16,-0.03,-1.94
235,2.16,0.03,-1.57
237,1.90,-0.14,-1.48
244,2.20,-0.15,-1.79
245,2.72,-0.19,-0.90
245,2.73,-0.31,0.76
247,2.75,-0.33,2.31
250,2.75,-0.48,2.53
252,2.70,-0.62,2.00
255,2.61,-0.75,1.78
259,2.64,-0.96,2.26
260,2.67,-1.09,2.74
263,2.67,-1.24,3.00
265,2.71,-1.34,3.05
267,2.80,-1.39,3.34
270,2.80,-1.44,3.56
273,2.78,-1.41,3.84
280,2.78,-1.39,4.10
280,2.77,-1.32,4.14
280,2.71,-1.24,4.25
283,2.64,-1.29,4.51
285,2.57,-1.30,4.82
287,2.42,-1.38,5.13
294,2.31,-1.49,5.44
295,2.15,-1.66,5.76
295,2.02,-1.80,6.09
297,1.84,-1.93,6.49
300,1.60,-2.02,7.12
302,1.41,-2.11,7.59
305,1.15,-2.23,8.22
310,0.83,-2.33,8.82
312,0.57,-2.43,9.46
313,0.30,-2.54,10.08
315,0.06,-2.67,10.69
317,-0.11,-2.84,11.38
320,-0.38,-3.01,12.01
327,-0.71,-3.16,12.73
327,-0.98,-3.37,13.50
327,-1.18,-3.53,14.33
332,-1.43,-3.60,15.08
332,-1.61,-3.73,15.77
335,-1.79,-3.73,16.45
337,-1.90,-3.84,17.24
344,-2.00,-3.95,17.94
344,-2.03,-3.96,18.38
346,-2.02,-3.91,18.68
347,-1.63,-4.27,19.15
350,-1.29,-4.29,18.88
353,-1.45,-3.99,18.64
355,-1.83,-3.84,19.11
359,-2.16,-3.19,19.46
360,-2.52,-2.48,19.64
363,-2.85,-2.16,19.93
365,-3.17,-1.97,20.04
367,-3.38,-1.80,20.00
370,-3.64,-1.89,19.98
376,-3.93,-1.92,19.73
377,-4.20,-1.90,19.52
378,-4.61,-1.88,19.72
381,-4.99,-1.88,19.79
383,-5.33,-1.76,19.80
385,-5.72,-1.58,19.93
388,-6.11,-1.39,20.04
395,-6.53,-1.23,20.03
395,-6.93,-1.12,20.01
395,-7.24,-1.06,20.02
398,-7.22,-1.61,19.96
401,-7.27,-1.84,19.65
403,-7.86,-1.36,19.64
406,-8.68,-0.52,20.37
411,-9.03,0.17,20.79
412,-9.31,0.52,20.56
413,-9.39,0.45,20.25
416,-9.27,0.02,20.18
418,-9.39,0.06,20.10
422,-9.59,0.23,20.02
428,-9.77,0.26,20.08
429,-9.94,0.23,20.09
430,-10.13,0.27,20.05
434,-10.22,0.35,20.03
434,-10.32,0.28,19.95
437,-10.48,0.31,19.81
438,-10.74,0.38,19.89
445,-11.01,0.56,19.96
446,-11.40,0.85,20.03
447,-11.66,1.06,20.08
449,-11.90,1.24,20.21
451,-12.07,1.36,20.28
453,-12.25,1.39,20.20
456,-12.32,1.24,20.04
460,-12.49,1.17,19.93
465,-12.59,1.11,19.91
465,-12.71,0.97,19.81
466,-12.78,0.81,19.64
468,-12.83,0.71,19.50
470,-12.91,0.66,19.29
475,-13.00,0.66,19.12
476,-13.06,0.65,19.02
477,-13.10,0.59,18.79
481,-13.09,0.58,18.58
483,-13.02,0.60,18.26
486,-12.90,0.63,17.88
488,-12.80,0.60,17.53
494,-12.71,0.59,17.20
495,-12.66,0.50,16.79
496,-12.53,0.37,16.49
498,-12.38,0.28,16.05
502,-12.20,0.19,15.56
503,-11.94,0.20,15.26
506,-11.77,0.18,14.88
510,-11.57,0.22,14.29
511,-11.39,0.24,13.84
513,-11.13,0.22,13.53
516,-10.86,0.20,13.07
518,-10.65,0.06,12.65
521,-10.40,0.09,12.15
527,-10.14,-0.27,11.78
528,-9.92,-0.50,11.35
528,-9.66,-0.61,10.84
531,-9.40,-0.69,10.36
534,-9.14,-0.69,9.77
536,-9.00,-0.76,9.26
538,-8.75,-0.79,8.79
545,-8.57,-0.76,8.25
545,-8.51,-0.80,7.73
546,-8.40,-0.82,7.21
549,-8.33,-0.92,6.67
552,-8.29,-0.98,6.10
553,-8.31,-1.02,5.54
556,-8.33,-1.03,4.98
561,-8.29,-1.12,4.37
561,-8.26,-1.15,3.90
564,-8.28,-1.13,3.48
566,-8.30,-1.14,2.88
568,-8.31,-1.21,2.42
571,-8.24,-1.15,1.94
575,-8.21,-1.16,1.49
576,-8.20,-1.17,1.04
578,-8.11,-1.21,0.67
581,-8.04,-1.31,0.31
584,-7.97,-1.38,-0.04
586,-7.89,-1.40,-0.36
588,-7.80,-1.50,-0.65
593,-7.66,-1.54,-0.97
593,-7.53,-1.66,-1.18
597,-7.36,-1.66,-1.40
599,-7.17,-1.73,-1.75
601,-7.03,-1.73,-2.00
604,-6.79,-1.69,-2.11
606,-6.51,-1.71,-2.26
610,-6.35,-1.71,-2.30
612,-6.14,-1.75,-2.43
613,-5.98,-1.81,-2.59
617,-5.87,-2.13,-2.59
618,-5.81,-2.23,-2.80
622,-5.81,-2.27,-3.10
627,-5.80,-2.43,-3.42
628,-5.75,-2.37,-3.73
628,-5.66,-2.44,-4.10
632,-5.65,-2.62,-4.33
634,-5.54,-2.51,-4.54
638,-5.47,-2.33,-4.80
640,-5.36,-2.32,-4.96
646,-5.27,-2.33,-5.09
647,-5.26,-2.35,-5.38
647,-5.16,-2.45,-5.64
648,-5.10,-2.50,-5.80
653,-5.11,-2.60,-6.01
654,-5.12,-2.60,-6.25
662,-5.10,-2.57,-6.54
662,-5.07,-2.50,-6.77
663,-5.15,-2.38,-6.88
667,-5.18,-2.32,-6.99
667,-5.28,-2.19,-7.01
669,-5.33,-2.23,-7.02
672,-5.36,-2.30,-7.04
678,-5.41,-2.39,-7.03
679,-5.44,-2.52,-6.93
679,-5.47,-2.61,-7.02
682,-5.56,-2.62,-6.99
684,-5.68,-2.63,-7.06
686,-5.77,-2.63,-7.10
689,-5.90,-2.59,-6.98
693,-6.05,-2.62,-6.93
694,-6.24,-2.69,-6.85
697,-6.44,-2.83,-6.74
699,-6.67,-2.95,-6.73
702,-6.88,-3.04,-6.81
704,-7.09,-3.14,-6.92
710,-7.27,-3.25,-6.94
711,-7.48,-3.28,-6.98
712,-7.73,-3.28,-7.01
714,-8.04,-3.32,-7.05
717,-8.26,-3.36,-7.08
719,-8.43,-3.41,-7.16
722,-8.55,-3.47,-7.25
728,-8.67,-3.52,-7.25
729,-8.69,-3.48,-7.36
730,-8.67,-3.41,-7.47
733,-8.72,-3.28,-7.58
734,-8.68,-3.16,-7.66
738,-8.58,-3.10,-7.71
739,-8.54,-2.98,-7.76
746,-8.38,-2.91,-7.80
747,-8.19,-2.89,-7.75
748,-7.99,-2.90,-7.73
749,-7.67,-2.85,-7.69
759,-7.46,-2.70,-7.55
760,-7.24,-2.48,-7.50
760,-6.96,-2.42,-7.49
765,-6.75,-2.46,-7.47
765,-6.54,-2.51,-7.42
765,-6.31,-2.57,-7.31
768,-6.10,-2.54,-7.27
770,-5.92,-2.54,-7.23
771,-5.68,-2.47,-7.16
778,-5.50,-2.46,-7.15
778,-5.38,-2.36,-7.14
779,-5.30,-2.29,-7.15
783,-5.23,-2.36,-7.21
785,-5.24,-2.44,-7.26
787,-5.27,-2.60,-7.38
789,-5.34,-2.76,-7.53
793,-5.44,-2.81,-7.76
796,-5.51,-2.79,-8.09
798,-5.57,-2.65,-8.38
800,-5.69,-2.57,-8.72
803,-5.79,-2.49,-9.05
805,-5.93,-2.46,-9.32
807,-6.11,-2.50,-9.53
811,-6.21,-2.58,-9.77
812,-6.33,-2.79,-9.97
815,-6.42,-2.90,-10.18
817,-6.48,-2.96,-10.54
820,-6.48,-2.98,-10.77
823,-6.47,-3.16,-11.01
826,-6.34,-3.18,-11.26
828,-6.10,-3.06,-11.42
830,-5.91,-3.10,-11.54
833,-5.73,-3.17,-11.54
835,-5.50,-3.27,-11.67
838,-5.33,-3.46,-11.71
846,-5.10,-3.74,-11.78
847,-4.88,-4.06,-12.01
847,-4.67,-4.40,-12.46
847,-4.36,-4.56,-12.97
850,-4.02,-4.63,-13.68
853,-3.58,-4.66,-14.42
855,-3.17,-4.58,-15.14
857,-2.82,-4.55,-15.81
862,-2.49,-4.65,-16.49
863,-2.30,-4.90,-17.19
866,-2.02,-5.22,-17.96
868,-1.82,-5.60,-18.88
872,-1.78,-6.11,-19.84
874,-1.79,-6.65,-20.92
877,-1.72,-7.12,-22.14
878,-1.70,-7.34,-23.53
881,-1.81,-7.55,-24.98
883,-1.93,-8.00,-26.41
884,-2.13,-8.66,-27.72
887,-2.37,-9.50,-29.04
893,-2.45,-10.24,-30.63
894,-2.49,-10.86,-32.40
894,-2.66,-11.69,-34.29
898,-2.78,-12.86,-36.22
900,-2.90,-14.00,-38.30
902,-2.98,-15.17,-40.55
905,-2.89,-16.48,-42.75
910,-2.61,-17.68,-44.80
910,-2.27,-19.27,-47.02
913,-1.79,-20.96,-49.46
915,-1.23,-22.21,-51.92
917,-0.58,-23.26,-54.30
921,0.44,-24.21,-56.41
923,1.52,-24.91,-58.14
929,2.49,-25.66,-59.71
930,3.35,-26.58,-60.88
931,4.20,-27.56,-61.83
933,4.97,-28.68,-62.82
935,5.93,-29.45,-63.34
938,6.20,-30.71,-63.92
945,6.57,-32.34,-63.88
946,6.65,-33.95,-63.47
946,6.34,-35.60,-62.86
948,5.62,-37.46,-61.74
951,5.10,-39.56,-61.28
954,4.32,-41.68,-59.77
955,3.41,-43.92,-57.64
962,2.36,-46.35,-55.60
962,1.12,-49.01,-53.61
963,-0.16,-51.70,-51.51
966,-1.51,-54.32,-49.56
967,-3.05,-56.74,-47.51
970,-4.50,-59.19,-44.76
972,-5.78,-60.93,-41.18
977,-7.78,-62.70,-38.91
977,-9.36,-65.00,-36.53
979,-10.81,-66.55,-32.85
982,-12.39,-67.77,-29.03
985,-14.00,-69.09,-25.80
987,-15.56,-70.11,-21.73
993,-16.83,-71.11,-17.68
994,-17.77,-75.25,-16.66
995,-19.87,-75.96,-6.28
997,-3.49,-66.28,28.09
1000,28.16,-48.27,67.68
1003,-63.19,-59.57,-18.69
1005,-10.74,-24.81,-78.95
1011,25.19,10.96,-67.09
1012,4.68,8.03,-11.13
1014,-8.85,16.06,10.24
1015,-46.32,29.70,-11.50
1018,-58.76,23.32,-59.28
1020,-19.69,4.55,-49.59
1022,-5.62,-7.19,-36.72
1027,-16.09,-14.42,-48.61
1028,-22.72,-18.19,-55.66
1030,-21.77,-18.67,-45.49
1033,-14.43,-20.55,-33.03
1035,-9.26,-26.33,-23.17
1038,-10.41,-36.72,-28.18
1044,-17.15,-37.65,-1.03
1046,-17.05,-40.64,4.87
1046,-15.25,-45.68,10.59
1048,-11.92,-46.56,19.00
1050,-9.59,-45.44,24.81
1053,-6.97,-40.62,31.14
1055,-4.44,-34.50,37.21
1062,-2.21,-31.13,42.59
1062,-0.48,-28.29,46.47
1063,0.20,-26.40,46.84
1066,1.08,-24.67,48.42
1068,2.19,-23.35,51.63
1070,2.81,-21.75,53.63
1074,3.26,-20.21,53.87
1079,3.77,-18.39,53.29
1080,4.23,-16.46,52.40
1080,4.55,-14.34,51.30
1083,4.46,-12.52,49.41
1085,4.22,-11.03,47.51
1088,3.77,-9.47,45.59
1094,3.14,-7.58,43.27
1095,2.15,-6.22,41.25
1095,1.11,-4.99,39.27
1098,-0.05,-4.13,37.29
1100,-1.21,-3.39,35.57
1103,-2.28,-2.63,33.99
1105,-3.48,-1.99,32.58
1110,-4.57,-1.23,31.17
1111,-5.50,-0.57,30.09
1118,-6.49,-0.01,28.94
1119,-7.30,0.34,27.94
1120,-8.08,0.46,27.10
1120,-8.75,0.41,26.20
1124,-9.25,0.13,25.12
1129,-9.64,-0.15,23.80
1129,-10.00,-0.29,22.48
1130,-10.36,-0.55,21.27
1134,-10.65,-1.01,20.05
1135,-11.00,-1.37,18.64
1138,-11.36,-1.68,17.17
1146,-11.70,-2.03,15.86
1146,-12.00,-2.20,14.20
1147,-12.31,-2.25,12.71
1149,-12.68,-2.22,11.42
1150,-12.98,-2.13,10.11
1153,-13.28,-1.92,8.98
1155,-13.55,-1.79,7.70
1162,-13.86,-1.64,6.60
1162,-14.20,-1.41,5.72
1163,-14.36,-1.15,5.01
1168,-14.48,-0.90,4.39
1169,-14.55,-0.67,3.66
1171,-14.52,-0.51,2.92
1174,-14.46,-0.48,2.26
1178,-14.41,-0.74,1.74
1179,-14.40,-1.13,1.49
1181,-14.36,-1.73,1.29
1184,-14.26,-2.16,1.31
1187,-14.17,-2.43,1.42
1189,-13.92,-2.54,1.60
1194,-13.61,-2.57,1.78
1194,-13.34,-2.70,2.02
1196,-13.03,-2.75,2.33
1200,-12.73,-2.98,2.47
1201,-12.45,-3.14,2.83
1204,-12.15,-3.25,3.19
1211,-11.83,-3.24,3.45
1211,-11.65,-3.31,3.76
1212,-11.32,-3.40,4.10
1216,-11.06,-3.34,4.39
1216,-10.83,-3.42,4.53
1219,-10.64,-3.39,4.66
1222,-10.52,-3.33,4.73
1224,-10.38,-3.33,4.76
1228,-10.35,-3.31,4.66
1229,-10.27,-3.28,4.58
1232,-10.24,-3.18,4.50
1234,-10.24,-3.17,4.36
1236,-10.25,-3.17,4.18
1239,-10.27,-3.19,3.86
1245,-10.32,-3.11,3.52
1245,-10.41,-2.93,3.11
1247,-10.42,-2.78,2.72
1250,-10.44,-2.62,2.48
1251,-10.51,-2.63,2.31
1255,-10.67,-2.86,2.25
1257,-10.81,-2.78,2.26
1262,-11.01,-2.63,2.33
1262,-11.18,-2.57,2.44
1265,-11.36,-2.48,2.46
1268,-11.55,-2.35,2.51
1270,-11.82,-2.27,2.63
1272,-12.13,-2.33,3.02
1275,-12.40,-2.43,3.37
1281,-12.64,-2.62,3.57
1281,-12.83,-2.74,3.73
1282,-12.97,-2.78,3.88
1284,-13.08,-2.81,4.13
1286,-13.16,-2.79,4.25
1288,-13.20,-2.76,4.45
1294,-13.29,-2.72,4.59
1295,-13.34,-2.70,4.59
1296,-13.42,-2.66,4.69
1299,-13.47,-2.63,4.63
1301,-13.49,-2.60,4.61
1303,-13.50,-2.50,4.57
1310,-13.48,-2.39,4.50
1311,-13.46,-2.25,4.36
1312,-13.45,-2.11,4.18
1314,-13.37,-2.00,4.02
1316,-13.31,-1.91,3.84
1319,-13.23,-1.88,3.68
1321,-13.12,-1.81,3.42
1327,-12.93,-1.75,3.21
1328,-12.79,-1.71,2.99
1329,-12.64,-1.66,2.80
1331,-12.48,-1.63,2.62
1334,-12.29,-1.52,2.37
1336,-12.16,-1.43,2.27
1339,-12.03,-1.40,2.11
1343,-11.90,-1.41,2.02
1344,-11.74,-1.33,1.97
1346,-11.55,-1.29,1.96
1349,-11.33,-1.22,1.91
1351,-11.22,-1.16,1.83
1354,-11.10,-1.12,1.88
1356,-10.89,-1.10,1.86
1360,-10.73,-1.06,1.88
1361,-10.67,-1.08,1.86
1364,-10.55,-1.06,1.84
1367,-10.40,-1.10,1.87
1369,-10.33,-1.14,1.90
1371,-10.20,-1.13,1.90
1378,-10.04,-1.20,1.93
1380,-9.93,-1.16,1.95
1381,-9.87,-1.13,1.88
1381,-9.76,-1.11,1.86
1385,-9.75,-1.13,1.90
1386,-9.69,-1.10,1.93
1390,-9.69,-1.15,1.92
1396,-9.69,-1.20,1.91
1397,-9.68,-1.24,1.89
1397,-9.66,-1.23,1.86
1400,-9.72,-1.13,1.79
1401,-9.80,-1.17,1.76
1405,-9.88,-1.18,1.72
1412,-9.90,-1.23,1.71
1413,-9.97,-1.25,1.63
1414,-9.94,-1.30,1.56
1415,-9.93,-1.26,1.42
1417,-9.96,-1.23,1.36
1420,-9.97,-1.23,1.22
1421,-9.90,-1.19,1.11
1430,-9.92,-1.26,0.95
1431,-9.93,-1.31,0.85
1432,-9.86,-1.25,0.76
1433,-9.81,-1.19,0.64
1435,-9.77,-1.19,0.51
1437,-9.78,-1.16,0.44
1440,-9.71,-1.15,0.31
1445,-9.69,-1.13,0.28
1445,-9.64,-1.13,0.21
1448,-9.65,-1.17,0.17
1450,-9.63,-1.17,0.15
1452,-9.60,-1.14,0.02
1454,-9.54,-1.12,0.02
1456,-9.51,-1.12,0.02
1463,-9.50,-1.20,-0.02
1463,-9.49,-1.20,0.03
1469,-9.45,-1.20,0.01
1469,-9.44,-1.23,0.04
1471,-9.44,-1.28,0.07
1472,-9.43,-1.30,0.09
1474,-9.43,-1.28,0.12
1477,-9.41,-1.28,0.21
1482,-9.41,-1.34,0.24
1483,-9.47,-1.38,0.25
1485,-9.46,-1.39,0.35
1487,-9.54,-1.47,0.46
1490,-9.62,-1.53,0.45
1493,-9.67,-1.51,0.48
1495,-9.73,-1.51,0.56
1498,-9.81,-1.49,0.47
1500,-9.84,-1.51,0.53
1503,-9.98,-1.52,0.63
1506,-10.12,-1.55,0.62
1512,-10.22,-1.56,0.67
1512,-10.35,-1.59,0.66
1513,-10.44,-1.55,0.62
1517,-10.53,-1.50,0.68
1517,-10.63,-1.50,0.64
1521,-10.70,-1.48,0.62
1523,-10.75,-1.48,0.64
1529,-10.80,-1.52,0.61
1529,-10.83,-1.48,0.55
1530,-10.91,-1.52,0.55
1533,-10.99,-1.48,0.48
1536,-11.03,-1.47,0.47
1538,-11.09,-1.49,0.38
1541,-11.14,-1.47,0.37
1547,-11.22,-1.47,0.42
1548,-11.30,-1.45,0.43
1549,-11.37,-1.40,0.35
1554,-11.39,-1.34,0.34
1555,-11.50,-1.32,0.34
1557,-11.57,-1.28,0.35
1560,-11.69,-1.27,0.39
1561,-11.83,-1.21,0.44
1562,-11.89,-1.20,0.41
1566,-12.01,-1.23,0.43
1568,-12.11,-1.14,0.44
1571,-12.19,-1.12,0.50
1573,-12.19,-1.02,0.56
1577,-12.22,-0.98,0.59
1577,-12.28,-0.92,0.65
1581,-12.35,-0.93,0.71
1583,-12.45,-0.90,0.73
1586,-12.61,-0.91,0.72
1588,-12.77,-1.00,0.81
1591,-12.94,-1.09,0.92
1595,-13.08,-1.11,0.98
1595,-13.19,-1.09,1.05
1598,-13.30,-1.05,1.12
1601,-13.34,-1.02,1.18
1602,-13.32,-0.98,1.23
1605,-13.41,-0.98,1.31
1611,-13.50,-0.93,1.31
1612,-13.52,-0.94,1.41
1612,-13.58,-0.96,1.51
1616,-13.70,-0.97,1.64
1617,-13.78,-0.99,1.78
1620,-13.80,-1.00,1.88
1622,-13.84,-1.01,1.94
1629,-13.88,-1.01,2.06
1629,-13.85,-0.97,2.21
1636,-13.83,-0.91,2.30
1636,-13.83,-0.96,2.37
1637,-13.77,-0.95,2.36
1640,-13.83,-0.95,2.45
1645,-13.91,-1.05,2.50
1645,-14.01,-1.12,2.52
1646,-14.02,-1.10,2.65
1647,-14.05,-1.08,2.70
1650,-14.11,-1.03,2.77
1652,-14.05,-0.95,2.86
1655,-14.04,-0.87,2.90
1658,-13.98,-0.89,3.00
1663,-13.91,-0.87,3.06
1663,-13.79,-0.81,3.13
1665,-13.68,-0.78,3.23
1667,-13.57,-0.77,3.38
1670,-13.43,-0.78,3.47
1672,-13.31,-0.84,3.49
1677,-13.15,-0.82,3.50
1678,-13.05,-0.82,3.66
1680,-12.86,-0.74,3.71
1682,-12.68,-0.77,3.76
1685,-12.43,-0.76,3.90
1688,-12.22,-0.73,3.99
1690,-12.08,-0.69,4.10
1695,-11.97,-0.72,4.20
1696,-11.75,-0.73,4.27
1697,-11.56,-0.69,4.37
1700,-11.44,-0.65,4.39
1702,-11.35,-0.67,4.43
1705,-11.31,-0.62,4.56
1713,-11.33,-0.54,4.66
1714,-11.29,-0.55,4.73
1715,-11.21,-0.57,4.80
1716,-11.19,-0.58,4.86
1718,-11.19,-0.58,4.88
1722,-11.13,-0.61,4.96
1723,-11.05,-0.56,5.07
1731,-10.93,-0.49,5.14
1731,-10.86,-0.54,5.19
1731,-10.77,-0.50,5.21
1733,-10.62,-0.44,5.26
1738,-10.53,-0.36,5.26
1739,-10.46,-0.27,5.35
1744,-10.31,-0.26,5.40
1744,-10.23,-0.30,5.43
1746,-10.07,-0.31,5.51
1749,-9.90,-0.34,5.53
1752,-9.71,-0.40,5.57
1753,-9.48,-0.33,5.64
1756,-9.24,-0.26,5.67
1758,-8.92,-0.28,5.66
1761,-8.75,-0.15,5.64
1763,-8.52,-0.01,5.74
1770,-8.34,-0.02,5.77
1770,-8.13,0.03,5.82
1771,-7.97,0.03,5.80
1773,-7.76,-0.00,5.86
1778,-7.50,0.01,5.97
1779,-7.33,0.06,5.94
1783,-7.15,0.07,5.94
1785,-6.94,0.08,5.89
1791,-6.84,0.14,5.75
1792,-6.77,0.17,5.88
1792,-6.68,0.21,5.93
1797,-6.64,0.19,5.84
1798,-6.62,0.30,5.91
1798,-6.58,0.34,5.98
1802,-6.51,0.45,5.89
1804,-6.46,0.49,5.89
1806,-6.40,0.57,5.91
1812,-6.33,0.60,5.85
1813,-6.30,0.60,5.80
1813,-6.23,0.60,5.84
1818,-6.13,0.61,5.86
1818,-6.05,0.60,5.77
1822,-5.98,0.61,5.78
1824,-5.84,0.66,5.77
1829,-5.80,0.72,5.76
1829,-5.71,0.83,5.83
1832,-5.52,1.00,5.69
1835,-5.47,1.34,5.82
1837,-5.14,1.36,5.85
1840,-4.90,1.27,5.39
1846,-4.87,1.03,5.02
1846,-4.78,0.95,5.63
1847,-4.67,0.97,6.20
1850,-4.62,1.09,5.93
1852,-4.60,1.10,5.60
1854,-4.54,1.16,5.81
1857,-4.50,1.16,5.99
1862,-4.50,1.17,5.84
1862,-4.54,1.16,5.89
1863,-4.51,1.20,6.13
1866,-4.51,1.16,6.23
1869,-4.48,1.17,6.18
1871,-4.46,1.20,6.17
1874,-4.40,1.21,6.29
1879,-4.37,1.19,6.32
1879,-4.32,1.28,6.29
1881,-4.32,1.31,6.36
1883,-4.37,1.35,6.41
1885,-4.33,1.43,6.33
1888,-4.27,1.45,6.32
1892,-4.23,1.48,6.47
1895,-4.17,1.47,6.51
1896,-4.16,1.51,6.45
1898,-4.09,1.51,6.41
1901,-4.01,1.59,6.46
1903,-3.98,1.64,6.51
1906,-3.96,1.68,6.52
1910,-3.94,1.73,6.56
1911,-3.91,1.74,6.70
1913,-3.81,1.74,6.74
1916,-3.77,1.78,6.74
1918,-3.76,1.83,6.70
1921,-3.65,1.84,6.79
1923,-3.52,1.87,6.83
1929,-3.47,1.93,6.85
1930,-3.42,1.96,6.70
1931,-3.38,1.97,6.65
1933,-3.40,1.98,6.72
1936,-3.40,2.00,6.90
1938,-3.38,2.01,7.02
1946,-3.32,2.02,6.95
1948,-3.31,2.01,6.91
1950,-3.33,2.07,6.91
1951,-3.25,2.13,6.94
1952,-3.24,2.09,6.96
1954,-3.28,2.07,6.93
1957,-3.20,2.07,6.97
1961,-3.16,2.04,7.03
1962,-3.15,2.06,6.98
1967,-3.18,2.11,6.93
1967,-3.14,2.15,6.90
1970,-3.05,2.19,6.91
1971,-3.01,2.21,6.91
1974,-2.98,2.26,6.91
1977,-2.93,2.24,6.84
1979,-2.86,2.22,6.87
1982,-2.77,2.23,6.92
1984,-2.73,2.24,6.84
1987,-2.64,2.19,6.83
1991,-2.60,2.16,6.79
1994,-2.60,2.02,6.78
1995,-2.58,1.93,6.88
1997,-2.48,2.02,6.93
