1,-0.08,0.72,-0.01
6,-0.11,0.79,-0.04
16,-0.13,0.86,-0.06
17,-0.13,0.93,-0.08
21,-0.12,1.01,-0.10
27,-0.10,1.06,-0.11
31,-0.08,1.10,-0.12
36,-0.06,1.14,-0.14
41,-0.04,1.17,-0.15
45,-0.02,1.18,-0.16
51,0.00,1.17,-0.18
56,0.02,1.15,-0.19
61,0.03,1.12,-0.20
66,0.03,1.08,-0.21
71,0.04,1.03,-0.23
78,0.03,0.96,-0.24
82,0.03,0.88,-0.26
87,0.02,0.80,-0.28
99,0.01,0.74,-0.29
99,0.00,0.69,-0.30
101,-0.01,0.67,-0.31
106,-0.02,0.66,-0.31
115,-0.03,0.68,-0.31
115,-0.03,0.71,-0.31
121,-0.05,0.76,-0.31
127,-0.07,0.82,-0.31
131,-0.09,0.90,-0.30
136,-0.13,0.99,-0.30
143,-0.17,1.09,-0.30
146,-0.22,1.18,-0.31
151,-0.28,1.27,-0.31
156,-0.34,1.33,-0.32
161,-0.39,1.38,-0.31
166,-0.44,1.40,-0.30
171,-0.49,1.44,-0.29
178,-0.53,1.48,-0.29
182,-0.57,1.53,-0.28
187,-0.60,1.60,-0.28
195,-0.63,1.67,-0.27
197,-0.66,1.74,-0.26
201,-0.70,1.80,-0.27
207,-0.75,1.87,-0.28
212,-0.80,1.92,-0.30
216,-0.86,1.96,-0.32
221,-0.91,1.98,-0.34
233,-0.98,1.98,-0.36
234,-1.05,1.96,-0.40
241,-1.12,1.93,-0.44
245,-1.17,1.88,-0.49
246,-1.20,1.83,-0.54
251,-1.22,1.77,-0.60
256,-1.22,1.72,-0.65
262,-1.22,1.68,-0.70
266,-1.22,1.67,-0.75
271,-1.21,1.67,-0.79
285,-1.19,1.69,-0.83
287,-1.15,1.73,-0.86
288,-1.11,1.79,-0.87
291,-1.05,1.90,-0.89
300,-1.02,2.06,-0.92
301,-0.97,2.16,-0.95
306,-0.90,2.21,-0.98
312,-0.82,2.26,-1.00
316,-0.73,2.31,-1.02
323,-0.66,2.37,-1.06
332,-0.59,2.42,-1.10
333,-0.50,2.46,-1.15
337,-0.40,2.48,-1.20
345,-0.29,2.50,-1.24
346,-0.19,2.52,-1.30
352,-0.09,2.53,-1.36
356,0.02,2.53,-1.41
362,0.12,2.53,-1.46
366,0.22,2.52,-1.51
372,0.33,2.52,-1.55
380,0.42,2.52,-1.57
382,0.50,2.53,-1.60
388,0.59,2.56,-1.62
395,0.68,2.58,-1.62
398,0.74,2.60,-1.61
402,0.84,2.60,-1.62
414,0.92,2.59,-1.62
415,1.00,2.56,-1.62
417,1.09,2.52,-1.63
422,1.18,2.48,-1.63
430,1.27,2.41,-1.63
432,1.35,2.34,-1.63
438,1.44,2.26,-1.62
449,1.53,2.19,-1.61
450,1.61,2.12,-1.60
452,1.69,2.06,-1.57
457,1.77,2.02,-1.55
463,1.84,2.00,-1.53
468,1.91,2.00,-1.50
473,1.98,2.04,-1.47
478,2.06,2.09,-1.43
483,2.14,2.14,-1.39
489,2.23,2.18,-1.35
494,2.34,2.21,-1.30
498,2.45,2.23,-1.25
504,2.55,2.23,-1.19
508,2.65,2.21,-1.14
515,2.76,2.18,-1.09
519,2.86,2.14,-1.04
523,2.97,2.11,-1.01
529,3.07,2.08,-0.95
534,3.16,2.03,-0.89
538,3.25,1.95,-0.85
545,3.35,1.86,-0.81
548,3.43,1.79,-0.77
553,3.50,1.72,-0.73
558,3.56,1.67,-0.69
563,3.61,1.62,-0.66
568,3.65,1.57,-0.63
573,3.69,1.52,-0.62
580,3.72,1.49,-0.61
582,3.75,1.46,-0.62
588,3.78,1.46,-0.64
595,3.82,1.47,-0.66
598,3.85,1.49,-0.68
603,3.88,1.52,-0.71
612,3.92,1.57,-0.75
613,3.96,1.61,-0.78
618,4.00,1.67,-0.82
623,4.05,1.74,-0.85
632,4.10,1.81,-0.87
634,4.15,1.88,-0.89
638,4.20,1.96,-0.91
645,4.25,2.05,-0.93
648,4.30,2.13,-0.95
653,4.35,2.24,-0.97
664,4.40,2.35,-0.98
665,4.45,2.47,-0.99
668,4.50,2.59,-1.00
673,4.56,2.70,-1.01
678,4.61,2.81,-1.02
683,4.65,2.91,-1.03
688,4.70,3.00,-1.03
695,4.73,3.08,-1.03
698,4.76,3.13,-1.03
703,4.79,3.14,-1.03
712,4.79,3.12,-1.01
713,4.79,3.06,-0.99
718,4.76,2.96,-0.96
723,4.70,2.86,-0.93
729,4.63,2.74,-0.90
733,4.54,2.61,-0.88
738,4.43,2.49,-0.86
745,4.32,2.35,-0.84
748,4.20,2.23,-0.82
753,4.05,2.11,-0.82
763,3.91,2.01,-0.83
764,3.77,1.90,-0.85
769,3.64,1.79,-0.86
773,3.50,1.70,-0.86
779,3.34,1.63,-0.87
783,3.16,1.59,-0.87
788,2.98,1.57,-0.88
796,2.81,1.54,-0.90
799,2.63,1.49,-0.90
803,2.47,1.43,-0.91
810,2.31,1.36,-0.93
813,2.18,1.27,-0.96
818,2.07,1.17,-1.01
823,1.98,1.11,-1.05
828,1.90,1.12,-1.10
834,1.84,1.21,-1.14
838,1.78,1.38,-1.19
845,1.74,1.66,-1.21
849,1.71,2.02,-1.22
854,1.64,2.41,-1.21
865,1.55,2.78,-1.18
866,1.42,3.11,-1.15
869,1.28,3.33,-1.11
874,1.13,3.42,-1.07
883,0.96,3.36,-1.03
884,0.76,3.14,-1.01
889,0.52,2.83,-1.01
897,0.27,2.50,-1.01
899,0.01,2.17,-1.02
904,-0.29,1.87,-1.04
911,-0.63,1.65,-1.06
918,-1.02,1.54,-1.08
919,-1.44,1.48,-1.11
924,-1.86,1.47,-1.14
929,-2.31,1.46,-1.17
934,-2.79,1.43,-1.19
938,-3.33,1.37,-1.21
945,-3.97,1.22,-1.21
949,-4.65,0.98,-1.21
954,-5.38,0.74,-1.25
961,-6.11,0.57,-1.33
965,-6.86,0.50,-1.44
969,-7.68,0.56,-1.59
974,-8.54,0.73,-1.79
983,-9.45,0.93,-2.02
984,-10.34,1.01,-2.25
990,-11.22,0.81,-2.42
995,-12.04,0.25,-2.53
1000,-12.70,-0.57,-2.60
1004,-13.21,-1.44,-2.62
1011,-13.59,-2.14,-2.51
1016,-13.82,-2.61,-2.36
1020,-13.90,-2.77,-2.24
1025,-9.58,-10.76,-2.88
1029,4.72,-17.45,-4.67
1035,-4.19,-15.00,-3.03
1040,-5.45,3.37,-0.83
1045,-4.77,16.36,-1.10
1051,-6.38,17.46,-2.00
1055,-7.91,17.34,-2.58
1062,-8.34,17.42,-3.14
1066,-7.48,16.53,-3.94
1070,-7.12,7.32,-5.01
1076,-7.50,-2.40,-4.91
1082,-8.05,-6.64,-4.46
1085,-8.51,-7.43,-3.80
1091,-8.53,-6.20,-2.98
1097,-8.20,-3.52,-2.19
1100,-7.62,-0.79,-1.44
1106,-6.91,1.70,-0.89
1114,-6.12,3.38,-0.62
1115,-5.33,4.04,-0.56
1120,-4.64,3.88,-0.62
1129,-4.04,3.21,-0.72
1130,-3.53,2.32,-0.81
1135,-3.06,1.52,-0.89
1139,-2.66,1.07,-0.95
1146,-2.30,1.04,-1.00
1149,-1.95,1.35,-1.03
1155,-1.61,1.87,-1.05
1162,-1.30,2.41,-1.07
1164,-1.04,2.84,-1.10
1169,-0.83,3.11,-1.17
1179,-0.70,3.20,-1.25
1180,-0.61,3.18,-1.34
1185,-0.59,3.05,-1.43
1190,-0.62,2.86,-1.52
1197,-0.67,2.61,-1.59
1200,-0.75,2.31,-1.64
1205,-0.84,1.94,-1.64
1212,-0.92,1.52,-1.61
1215,-0.99,1.12,-1.55
1220,-1.06,0.75,-1.45
1225,-1.12,0.38,-1.33
1231,-1.16,0.02,-1.21
1236,-1.17,-0.34,-1.11
1241,-1.18,-0.67,-1.01
1247,-1.18,-0.96,-0.92
1256,-1.16,-1.19,-0.85
1258,-1.14,-1.35,-0.80
1265,-1.12,-1.43,-0.77
1266,-1.10,-1.44,-0.75
1270,-1.08,-1.38,-0.75
1279,-1.06,-1.26,-0.77
1280,-1.03,-1.12,-0.80
1286,-0.99,-0.97,-0.83
1290,-0.94,-0.83,-0.87
1297,-0.87,-0.70,-0.92
1301,-0.80,-0.59,-0.96
1306,-0.73,-0.49,-0.99
1313,-0.65,-0.42,-1.02
1315,-0.56,-0.37,-1.04
1320,-0.48,-0.36,-1.05
1335,-0.39,-0.37,-1.05
1336,-0.30,-0.38,-1.04
1336,-0.22,-0.40,-1.02
1341,-0.14,-0.42,-1.00
1350,-0.08,-0.44,-0.97
1352,-0.02,-0.47,-0.93
1355,0.03,-0.50,-0.88
1362,0.08,-0.53,-0.83
1366,0.11,-0.57,-0.78
1371,0.14,-0.58,-0.73
1378,0.16,-0.58,-0.68
1381,0.19,-0.58,-0.63
1386,0.20,-0.57,-0.60
1391,0.22,-0.54,-0.56
1396,0.24,-0.49,-0.53
1402,0.26,-0.44,-0.52
1407,0.30,-0.37,-0.50
1413,0.34,-0.29,-0.49
1417,0.39,-0.22,-0.48
1423,0.43,-0.17,-0.46
1430,0.48,-0.15,-0.44
1431,0.51,-0.16,-0.43
1437,0.54,-0.19,-0.41
1442,0.56,-0.23,-0.39
1447,0.58,-0.28,-0.36
1452,0.58,-0.33,-0.34
1457,0.58,-0.38,-0.31
1463,0.58,-0.42,-0.28
1466,0.57,-0.45,-0.26
1471,0.56,-0.47,-0.23
1479,0.55,-0.50,-0.20
1481,0.56,-0.53,-0.18
1485,0.57,-0.54,-0.15
1491,0.58,-0.52,-0.12
1496,0.61,-0.48,-0.09
1501,0.65,-0.43,-0.06
1506,0.68,-0.39,-0.04
1515,0.71,-0.36,-0.02
1517,0.74,-0.35,0.01
1521,0.77,-0.35,0.03
1531,0.78,-0.37,0.05
1532,0.79,-0.40,0.05
1536,0.80,-0.45,0.06
1541,0.79,-0.51,0.08
1547,0.78,-0.59,0.09
1552,0.76,-0.67,0.11
1556,0.74,-0.75,0.14
1565,0.72,-0.83,0.16
1571,0.69,-0.91,0.19
1572,0.67,-0.97,0.23
1579,0.66,-1.02,0.26
1585,0.64,-1.05,0.31
1586,0.63,-1.09,0.35
1593,0.62,-1.14,0.40
1597,0.62,-1.19,0.43
1602,0.61,-1.23,0.46
1606,0.62,-1.27,0.49
1613,0.62,-1.31,0.52
1617,0.63,-1.37,0.55
1623,0.63,-1.47,0.58
1627,0.63,-1.59,0.60
1632,0.64,-1.73,0.63
1637,0.64,-1.87,0.65
1643,0.64,-1.99,0.67
1647,0.64,-2.11,0.70
1651,0.63,-2.22,0.72
1657,0.63,-2.34,0.75
1663,0.62,-2.45,0.76
1668,0.63,-2.56,0.78
1672,0.63,-2.67,0.80
1679,0.62,-2.80,0.82
1682,0.62,-2.95,0.86
1688,0.63,-3.12,0.89
1692,0.64,-3.31,0.93
1697,0.64,-3.50,0.98
1703,0.63,-3.74,1.04
1708,0.63,-4.04,1.11
1714,0.63,-4.38,1.18
1718,0.63,-4.73,1.25
1722,0.64,-5.06,1.32
1732,0.65,-5.33,1.37
1733,0.66,-5.54,1.42
1737,0.67,-5.67,1.45
1743,0.69,-5.72,1.47
1747,0.71,-5.70,1.48
1753,0.73,-5.61,1.48
1758,0.74,-5.47,1.46
1763,0.76,-5.30,1.43
1767,0.78,-5.14,1.39
1772,0.80,-5.00,1.35
1780,0.83,-4.91,1.31
1782,0.86,-4.84,1.25
1787,0.89,-4.78,1.20
1796,0.91,-4.74,1.15
1797,0.94,-4.73,1.12
1802,0.97,-4.76,1.09
1807,1.00,-4.80,1.07
1813,1.04,-4.86,1.04
1817,1.07,-4.89,1.02
1822,1.11,-4.90,0.99
1830,1.13,-4.88,0.96
1832,1.14,-4.87,0.93
1838,1.21,-4.90,0.88
1847,1.21,-4.89,0.81
1848,1.21,-4.82,0.77
1853,1.21,-4.71,0.74
1858,1.20,-4.61,0.71
1871,1.21,-4.54,0.68
1871,1.21,-4.48,0.63
1872,1.21,-4.45,0.58
1880,1.24,-4.40,0.56
1882,1.22,-4.29,0.55
1888,1.19,-4.17,0.53
1896,1.17,-4.05,0.52
1897,1.15,-3.94,0.49
1904,1.14,-3.84,0.46
1908,1.13,-3.75,0.42
1917,1.13,-3.68,0.39
1918,1.11,-3.62,0.36
1923,1.09,-3.56,0.33
1930,1.07,-3.51,0.30
1933,1.06,-3.49,0.28
1938,1.05,-3.47,0.25
1947,1.04,-3.47,0.22
1948,1.03,-3.46,0.18
1953,1.01,-3.46,0.14
1959,1.00,-3.43,0.11
1964,0.99,-3.36,0.07
1969,0.98,-3.26,0.03
1974,0.96,-3.11,-0.01
1982,0.94,-2.93,-0.04
1984,0.91,-2.73,-0.07
1988,0.88,-2.52,-0.09
1996,0.85,-2.33,-0.11
1998,0.82,-2.17,-0.14
