4,-0.04,0.63,-0.08
9,-0.04,0.74,-0.08
23,-0.04,0.87,-0.08
23,-0.05,1.00,-0.09
24,-0.07,1.12,-0.09
29,-0.09,1.22,-0.09
34,-0.11,1.31,-0.09
39,-0.14,1.38,-0.10
45,-0.19,1.45,-0.11
56,-0.26,1.49,-0.11
57,-0.34,1.53,-0.11
60,-0.43,1.55,-0.12
72,-0.52,1.54,-0.14
73,-0.61,1.50,-0.15
74,-0.70,1.45,-0.16
79,-0.79,1.37,-0.18
89,-0.87,1.28,-0.19
90,-0.94,1.18,-0.20
94,-1.01,1.08,-0.20
106,-1.08,1.00,-0.21
107,-1.14,0.93,-0.21
110,-1.20,0.88,-0.21
123,-1.25,0.87,-0.22
123,-1.29,0.87,-0.22
141,-1.34,0.91,-0.22
142,-1.39,0.98,-0.22
142,-1.44,1.06,-0.23
144,-1.49,1.17,-0.23
144,-1.55,1.31,-0.23
151,-1.61,1.45,-0.24
155,-1.67,1.61,-0.26
160,-1.74,1.76,-0.28
166,-1.81,1.92,-0.30
169,-1.87,2.06,-0.33
174,-1.93,2.20,-0.35
183,-1.98,2.34,-0.37
185,-2.03,2.46,-0.39
190,-2.07,2.58,-0.40
194,-2.12,2.70,-0.42
204,-2.18,2.82,-0.44
206,-2.25,2.93,-0.46
210,-2.32,3.01,-0.49
217,-2.38,3.08,-0.53
220,-2.43,3.12,-0.59
226,-2.48,3.15,-0.65
234,-2.54,3.17,-0.72
236,-2.60,3.16,-0.80
242,-2.65,3.13,-0.88
247,-2.68,3.08,-0.97
258,-2.70,3.02,-1.05
259,-2.70,2.96,-1.12
261,-2.68,2.92,-1.19
267,-2.65,2.92,-1.25
271,-2.60,2.93,-1.29
276,-2.53,2.99,-1.31
281,-2.45,3.08,-1.34
292,-2.37,3.20,-1.35
294,-2.27,3.37,-1.36
295,-2.16,3.55,-1.37
301,-2.07,3.74,-1.37
305,-2.00,3.91,-1.38
310,-1.95,4.05,-1.38
318,-1.89,4.14,-1.38
322,-1.84,4.15,-1.38
325,-1.79,4.11,-1.38
336,-1.73,4.00,-1.38
337,-1.64,3.85,-1.38
343,-1.55,3.66,-1.37
345,-1.45,3.47,-1.34
351,-1.35,3.29,-1.31
355,-1.24,3.13,-1.25
360,-1.13,2.98,-1.19
369,-1.02,2.85,-1.13
370,-0.91,2.74,-1.09
375,-0.81,2.64,-1.05
386,-0.71,2.56,-1.02
387,-0.61,2.50,-0.99
391,-0.52,2.45,-0.96
396,-0.42,2.42,-0.92
403,-0.33,2.39,-0.87
406,-0.23,2.36,-0.81
411,-0.14,2.33,-0.74
419,-0.05,2.28,-0.65
421,0.04,2.21,-0.54
430,0.12,2.14,-0.41
434,0.19,2.08,-0.27
438,0.26,2.01,-0.12
441,0.32,1.93,0.05
446,0.37,1.85,0.22
452,0.43,1.78,0.39
456,0.48,1.69,0.55
461,0.54,1.58,0.70
477,0.61,1.44,0.84
478,0.68,1.29,0.98
479,0.75,1.12,1.11
485,0.82,0.93,1.24
486,0.88,0.74,1.34
492,0.95,0.54,1.43
497,1.01,0.36,1.50
512,1.05,0.20,1.57
513,1.10,0.06,1.61
514,1.15,-0.05,1.65
530,1.19,-0.14,1.67
531,1.22,-0.19,1.69
531,1.25,-0.20,1.71
532,1.28,-0.18,1.71
548,1.31,-0.11,1.70
548,1.34,-0.01,1.69
549,1.36,0.13,1.68
553,1.38,0.29,1.67
556,1.40,0.45,1.65
562,1.42,0.59,1.62
569,1.45,0.69,1.58
571,1.48,0.76,1.53
576,1.52,0.80,1.48
585,1.56,0.80,1.42
586,1.61,0.77,1.35
591,1.67,0.72,1.26
597,1.72,0.65,1.17
603,1.78,0.57,1.07
607,1.85,0.48,0.97
611,1.91,0.39,0.85
620,1.98,0.29,0.73
623,2.06,0.20,0.61
627,2.14,0.12,0.48
642,2.21,0.06,0.36
642,2.28,0.03,0.24
645,2.35,0.02,0.13
652,2.43,0.02,0.00
652,2.51,0.03,-0.12
657,2.58,0.06,-0.25
661,2.66,0.10,-0.37
670,2.73,0.16,-0.48
674,2.81,0.22,-0.58
678,2.88,0.30,-0.68
681,2.96,0.38,-0.77
687,3.04,0.48,-0.86
692,3.12,0.58,-0.94
697,3.20,0.69,-1.02
702,3.28,0.81,-1.09
707,3.37,0.91,-1.16
712,3.45,1.02,-1.23
719,3.54,1.12,-1.29
723,3.64,1.22,-1.34
728,3.73,1.32,-1.39
734,3.84,1.42,-1.43
739,3.94,1.53,-1.46
743,4.06,1.64,-1.49
748,4.17,1.76,-1.50
753,4.28,1.88,-1.49
759,4.40,2.00,-1.47
763,4.50,2.12,-1.43
769,4.61,2.24,-1.39
773,4.72,2.37,-1.34
778,4.81,2.52,-1.28
786,4.87,2.69,-1.22
787,4.91,2.87,-1.15
793,4.93,3.07,-1.08
797,4.90,3.26,-1.01
804,4.85,3.41,-0.93
807,4.79,3.51,-0.85
812,4.74,3.59,-0.79
820,4.69,3.65,-0.76
822,4.65,3.68,-0.74
827,4.60,3.65,-0.73
835,4.55,3.53,-0.72
838,4.51,3.33,-0.73
843,4.47,3.04,-0.76
847,4.44,2.63,-0.81
853,4.43,2.16,-0.90
857,4.41,1.70,-1.02
862,4.38,1.32,-1.16
869,4.32,1.07,-1.32
872,4.23,0.97,-1.50
877,4.11,1.04,-1.69
885,4.00,1.29,-1.90
887,3.90,1.71,-2.12
893,3.80,2.22,-2.34
898,3.71,2.72,-2.55
904,3.63,3.13,-2.75
907,3.58,3.38,-2.93
912,3.57,3.45,-3.10
919,3.55,3.39,-3.27
922,3.47,3.18,-3.42
928,3.35,2.88,-3.56
936,3.17,2.57,-3.71
938,2.91,2.33,-3.88
942,2.55,2.23,-4.07
948,2.10,2.24,-4.28
954,1.56,2.36,-4.53
958,0.97,2.60,-4.83
963,0.33,2.94,-5.17
977,-0.37,3.31,-5.54
977,-1.13,3.55,-5.93
978,-1.90,3.56,-6.32
985,-2.64,3.35,-6.71
990,-3.43,2.99,-7.04
993,-4.32,2.49,-7.30
998,-5.26,1.86,-7.46
1004,-6.26,1.16,-7.50
1009,-7.33,0.44,-7.43
1014,-8.48,-0.27,-7.25
1020,-9.65,-1.10,-6.98
1024,-10.78,-2.05,-6.65
1028,-11.87,-3.06,-6.24
1036,-12.91,-4.11,-5.78
1039,-13.85,-5.23,-5.24
1044,-14.73,-6.39,-4.57
1053,-8.76,-14.06,-4.00
1055,7.87,-17.45,-6.21
1060,-1.91,-15.27,-5.74
1065,-5.62,-1.87,-2.43
1070,-5.17,9.27,-1.37
1075,-8.28,14.71,-2.09
1079,-10.81,17.15,-2.51
1086,-11.53,13.86,-2.75
1089,-10.65,5.22,-3.47
1094,-9.32,-3.37,-4.05
1099,-10.00,-8.70,-3.61
1103,-9.78,-12.63,-2.72
1108,-8.81,-13.42,-1.68
1113,-8.09,-11.96,-0.86
1119,-7.25,-8.80,-0.30
1124,-6.38,-4.68,-0.02
1129,-5.69,-0.59,0.06
1136,-5.10,2.61,-0.02
1138,-4.53,4.57,-0.29
1145,-3.96,5.23,-0.74
1153,-3.38,4.74,-1.27
1154,-2.80,3.49,-1.73
1158,-2.25,2.03,-2.11
1164,-1.81,0.83,-2.40
1172,-1.47,0.10,-2.56
1174,-1.21,-0.11,-2.63
1178,-1.02,0.13,-2.61
1187,-0.90,0.66,-2.55
1189,-0.84,1.27,-2.46
1193,-0.84,1.78,-2.37
1202,-0.89,2.03,-2.30
1203,-0.95,1.94,-2.24
1208,-1.03,1.60,-2.20
1214,-1.14,1.10,-2.14
1220,-1.26,0.52,-2.06
1224,-1.38,-0.04,-1.96
1229,-1.49,-0.51,-1.83
1237,-1.59,-0.82,-1.68
1239,-1.66,-0.96,-1.52
1244,-1.69,-0.95,-1.35
1254,-1.67,-0.83,-1.18
1255,-1.62,-0.64,-1.02
1259,-1.54,-0.46,-0.87
1264,-1.42,-0.37,-0.75
1271,-1.28,-0.37,-0.64
1274,-1.12,-0.41,-0.55
1279,-0.97,-0.49,-0.47
1286,-0.82,-0.60,-0.42
1289,-0.67,-0.72,-0.38
1294,-0.53,-0.82,-0.36
1302,-0.40,-0.87,-0.35
1304,-0.29,-0.89,-0.34
1312,-0.19,-0.85,-0.34
1314,-0.10,-0.79,-0.35
1324,-0.02,-0.72,-0.35
1324,0.04,-0.65,-0.35
1329,0.10,-0.58,-0.37
1341,0.15,-0.51,-0.39
1341,0.18,-0.44,-0.42
1345,0.20,-0.38,-0.43
1352,0.22,-0.33,-0.44
1354,0.23,-0.31,-0.46
1360,0.24,-0.32,-0.48
1365,0.27,-0.38,-0.50
1370,0.30,-0.47,-0.52
1375,0.33,-0.56,-0.54
1380,0.37,-0.65,-0.57
1387,0.42,-0.73,-0.59
1390,0.47,-0.79,-0.62
1396,0.52,-0.85,-0.64
1403,0.58,-0.87,-0.65
1405,0.63,-0.87,-0.66
1410,0.67,-0.84,-0.67
1416,0.70,-0.79,-0.68
1421,0.73,-0.72,-0.68
1425,0.77,-0.63,-0.69
1430,0.79,-0.54,-0.69
1437,0.80,-0.45,-0.69
1441,0.80,-0.37,-0.69
1445,0.80,-0.31,-0.70
1453,0.79,-0.25,-0.71
1454,0.76,-0.21,-0.71
1459,0.73,-0.18,-0.71
1464,0.71,-0.19,-0.71
1471,0.69,-0.22,-0.70
1474,0.67,-0.31,-0.69
1479,0.65,-0.43,-0.68
1489,0.65,-0.58,-0.66
1490,0.64,-0.74,-0.63
1494,0.63,-0.89,-0.60
1505,0.63,-1.03,-0.57
1505,0.63,-1.17,-0.54
1510,0.63,-1.28,-0.50
1515,0.64,-1.38,-0.47
1522,0.64,-1.44,-0.43
1525,0.64,-1.46,-0.39
1530,0.64,-1.45,-0.35
1539,0.63,-1.41,-0.32
1539,0.62,-1.37,-0.29
1546,0.61,-1.30,-0.27
1554,0.60,-1.23,-0.24
1555,0.58,-1.14,-0.23
1560,0.56,-1.04,-0.22
1564,0.55,-0.96,-0.21
1570,0.54,-0.89,-0.20
1575,0.53,-0.84,-0.20
1579,0.52,-0.81,-0.19
1587,0.51,-0.79,-0.19
1591,0.51,-0.80,-0.18
1595,0.51,-0.85,-0.17
1605,0.51,-0.94,-0.15
1607,0.52,-1.07,-0.12
1610,0.53,-1.21,-0.09
1615,0.54,-1.35,-0.06
1625,0.55,-1.48,-0.02
1628,0.57,-1.59,0.02
1631,0.57,-1.68,0.06
1638,0.58,-1.73,0.10
1642,0.59,-1.75,0.13
1646,0.59,-1.73,0.16
1652,0.59,-1.67,0.19
1656,0.58,-1.58,0.22
1661,0.57,-1.46,0.23
1666,0.56,-1.32,0.24
1670,0.54,-1.16,0.24
1676,0.52,-1.00,0.24
1681,0.49,-0.85,0.24
1688,0.47,-0.71,0.24
1692,0.44,-0.60,0.25
1697,0.42,-0.50,0.25
1703,0.39,-0.44,0.26
1706,0.36,-0.40,0.27
1712,0.33,-0.38,0.28
1717,0.30,-0.39,0.29
1722,0.27,-0.44,0.30
1727,0.24,-0.52,0.31
1732,0.22,-0.64,0.31
1737,0.20,-0.79,0.31
1741,0.18,-0.97,0.31
1747,0.17,-1.15,0.31
1754,0.16,-1.32,0.29
1755,0.14,-1.49,0.28
1760,0.13,-1.62,0.25
1765,0.11,-1.73,0.21
1770,0.10,-1.79,0.16
1776,0.08,-1.81,0.10
1781,0.07,-1.79,0.04
1787,0.05,-1.73,-0.04
1790,0.04,-1.64,-0.11
1796,0.03,-1.53,-0.18
1803,0.01,-1.39,-0.25
1806,0.01,-1.25,-0.31
1810,0.00,-1.10,-0.37
1816,0.00,-0.96,-0.43
1821,0.00,-0.82,-0.48
1827,0.02,-0.71,-0.52
1831,0.03,-0.61,-0.56
1842,0.05,-0.53,-0.59
1844,0.07,-0.48,-0.61
1847,0.10,-0.44,-0.63
1856,0.12,-0.42,-0.65
1858,0.15,-0.41,-0.66
1862,0.17,-0.41,-0.67
1873,0.20,-0.42,-0.68
1876,0.22,-0.43,-0.68
1876,0.23,-0.45,-0.68
1882,0.23,-0.47,-0.69
1886,0.24,-0.49,-0.70
1892,0.23,-0.50,-0.70
1897,0.22,-0.51,-0.72
1903,0.21,-0.51,-0.74
1906,0.18,-0.50,-0.76
1911,0.16,-0.48,-0.78
1920,0.13,-0.45,-0.81
1922,0.09,-0.41,-0.83
1927,0.05,-0.37,-0.86
1932,0.02,-0.31,-0.88
1938,-0.01,-0.26,-0.90
1942,-0.04,-0.20,-0.92
1947,-0.07,-0.14,-0.94
1955,-0.09,-0.09,-0.96
1956,-0.11,-0.05,-0.97
1962,-0.12,-0.02,-0.97
1970,-0.13,-0.01,-0.98
1971,-0.14,-0.00,-0.98
1978,-0.14,-0.01,-0.98
1982,-0.14,-0.03,-0.97
1988,-0.14,-0.06,-0.96
1991,-0.14,-0.12,-0.95
1996,-0.14,-0.17,-0.93
