1,2.00,3.12,8.80
1,1.91,3.13,8.75
4,1.92,3.15,8.76
5,1.84,3.12,8.75
9,1.69,3.08,8.69
10,1.65,3.09,8.65
13,1.61,3.11,8.69
15,1.61,3.09,8.66
18,1.56,3.13,8.64
20,1.49,3.09,8.69
23,1.49,3.11,8.72
27,1.49,3.07,8.74
28,1.40,3.02,8.68
30,1.41,3.01,8.71
33,1.35,3.02,8.76
35,1.30,3.01,8.76
37,1.28,3.02,8.74
40,1.24,3.00,8.80
43,1.17,3.00,8.80
45,1.18,3.03,8.78
49,1.14,3.03,8.85
51,1.14,2.98,8.84
53,1.11,2.96,8.94
55,1.06,2.99,8.91
60,1.10,3.00,8.95
60,1.04,3.01,8.95
64,1.07,2.97,8.96
64,1.03,2.93,8.96
68,1.03,2.92,9.02
71,1.04,2.86,9.08
73,1.10,2.88,9.06
80,1.11,2.95,8.99
81,1.13,2.94,8.98
81,1.20,2.95,9.00
84,1.22,2.96,8.96
85,1.27,2.99,8.94
89,1.30,2.99,8.89
93,1.32,2.95,8.96
93,1.41,2.95,8.90
95,1.43,3.00,8.93
98,1.49,2.99,8.89
100,1.52,3.02,8.89
103,1.54,3.04,8.88
105,1.62,3.02,8.83
111,1.62,3.05,8.84
111,1.62,3.03,8.79
113,1.60,3.03,8.73
115,1.68,3.06,8.68
118,1.64,3.05,8.68
120,1.60,3.02,8.72
123,1.63,3.03,8.66
127,1.60,3.02,8.63
128,1.59,3.03,8.67
132,1.59,3.04,8.70
133,1.57,2.99,8.68
135,1.56,2.95,8.69
138,1.52,2.98,8.76
140,1.48,2.96,8.72
143,1.42,2.95,8.74
145,1.39,2.90,8.81
148,1.35,2.90,8.79
151,1.31,2.89,8.74
154,1.26,2.89,8.74
156,1.24,2.86,8.74
160,1.17,2.86,8.74
160,1.14,2.84,8.78
164,1.13,2.82,8.77
166,1.11,2.84,8.74
168,1.11,2.80,8.69
171,1.12,2.77,8.72
174,1.09,2.80,8.75
180,1.07,2.79,8.73
180,1.05,2.80,8.72
181,1.05,2.84,8.73
183,1.05,2.83,8.72
186,1.08,2.80,8.70
188,1.14,2.81,8.76
193,1.11,2.71,8.73
194,1.14,2.72,8.80
196,1.10,2.76,8.75
199,1.10,2.74,8.83
201,1.12,2.75,8.86
204,1.17,2.74,8.91
206,1.18,2.74,8.90
210,1.12,2.74,8.98
211,1.16,2.67,9.06
213,1.20,2.65,9.09
217,1.20,2.61,9.15
218,1.18,2.59,9.20
220,1.22,2.56,9.27
223,1.16,2.57,9.34
226,1.21,2.61,9.38
230,1.28,2.59,9.40
232,1.29,2.57,9.39
233,1.27,2.59,9.44
236,1.34,2.53,9.48
238,1.40,2.54,9.49
243,1.42,2.50,9.43
243,1.39,2.47,9.49
246,1.44,2.46,9.47
249,1.47,2.50,9.44
251,1.51,2.53,9.45
253,1.58,2.47,9.33
255,1.52,2.45,9.34
259,1.57,2.46,9.30
261,1.59,2.45,9.25
263,1.59,2.47,9.17
266,1.63,2.46,9.05
269,1.63,2.47,9.01
271,1.61,2.44,8.89
278,1.58,2.40,8.85
278,1.58,2.39,8.83
279,1.57,2.37,8.75
281,1.58,2.33,8.66
284,1.60,2.36,8.52
287,1.54,2.35,8.39
289,1.52,2.34,8.36
293,1.53,2.30,8.21
294,1.49,2.32,8.07
296,1.46,2.31,7.96
300,1.47,2.34,7.88
302,1.47,2.32,7.74
305,1.39,2.29,7.55
306,1.40,2.30,7.52
311,1.38,2.34,7.51
311,1.34,2.35,7.47
314,1.34,2.37,7.41
316,1.29,2.29,7.45
319,1.25,2.25,7.39
321,1.25,2.22,7.43
324,1.18,2.25,7.46
327,1.15,2.20,7.50
329,1.17,2.23,7.50
331,1.11,2.21,7.48
334,1.07,2.18,7.52
336,1.11,2.19,7.62
338,1.09,2.14,7.69
343,1.05,2.11,7.69
344,1.04,2.14,7.73
345,1.05,2.13,7.79
349,1.06,2.08,7.91
352,1.04,2.07,7.97
354,1.05,2.05,8.02
356,1.10,2.00,8.03
360,1.15,1.96,8.08
361,1.12,1.96,8.14
367,1.13,1.96,8.16
367,1.17,1.95,8.09
368,1.19,1.90,8.05
372,1.21,1.89,8.01
378,1.15,1.92,7.89
378,1.18,1.93,7.83
380,1.23,1.93,7.77
382,1.23,1.91,7.76
385,1.23,1.87,7.70
388,1.24,1.86,7.68
389,1.28,1.87,7.64
394,1.24,1.87,7.61
395,1.27,1.85,7.58
396,1.29,1.82,7.52
400,1.30,1.81,7.45
402,1.26,1.74,7.43
405,1.20,1.76,7.41
407,1.21,1.79,7.44
412,1.16,1.81,7.41
413,1.16,1.79,7.41
415,1.14,1.74,7.50
417,1.15,1.71,7.56
420,1.07,1.66,7.60
422,1.04,1.64,7.61
429,0.99,1.61,7.63
429,0.98,1.60,7.61
430,0.97,1.60,7.63
437,0.99,1.57,7.62
437,1.00,1.58,7.51
437,0.87,1.54,7.58
440,0.89,1.59,7.49
443,0.83,1.58,7.53
445,0.76,1.49,7.61
447,0.75,1.44,7.66
450,0.69,1.40,7.68
452,0.66,1.37,7.72
455,0.67,1.42,7.85
457,0.61,1.41,7.90
462,0.59,1.37,7.90
464,0.52,1.35,8.02
464,0.46,1.33,8.17
466,0.43,1.28,8.26
469,0.36,1.18,8.36
471,0.34,1.10,8.43
478,0.33,1.04,8.59
479,0.35,0.91,8.65
479,0.34,0.84,8.69
481,0.38,0.88,8.73
484,0.43,0.90,8.78
486,0.47,0.95,8.77
489,0.48,0.95,8.74
493,0.50,0.96,8.69
494,0.52,1.03,8.65
496,0.53,0.96,8.62
499,0.63,0.87,8.59
501,0.69,0.84,8.45
504,0.76,0.81,8.33
506,0.85,0.77,8.18
509,0.96,0.81,8.09
512,0.97,0.88,7.88
514,1.05,0.90,7.67
516,1.08,0.92,7.42
519,1.14,0.97,7.19
521,1.24,1.01,7.07
528,1.19,1.03,6.89
529,1.16,0.97,6.76
529,1.12,1.00,6.78
532,1.09,0.94,6.69
536,1.02,0.88,6.60
541,0.92,0.89,6.56
541,0.83,0.81,6.50
551,0.73,0.82,6.46
551,0.64,0.76,6.43
552,0.51,0.78,6.50
552,0.37,0.77,6.52
553,0.23,0.71,6.59
554,0.12,0.67,6.67
559,-0.03,0.61,6.83
559,-0.26,0.57,6.97
563,-0.35,0.47,7.18
565,-0.48,0.35,7.38
566,-0.56,0.28,7.51
569,-0.69,0.18,7.67
572,-0.81,0.09,7.78
578,-0.84,0.09,7.93
578,-0.90,0.01,8.04
579,-0.87,-0.06,8.16
581,-0.86,-0.12,8.33
584,-0.81,-0.12,8.49
586,-0.71,-0.16,8.46
589,-0.67,-0.09,8.59
593,-0.59,-0.06,8.63
594,-0.51,-0.08,8.71
597,-0.42,-0.10,8.81
599,-0.30,-0.10,8.87
601,-0.18,-0.16,8.96
605,-0.12,-0.23,9.03
607,-0.06,-0.27,9.18
614,0.03,-0.33,9.31
614,0.06,-0.36,9.46
615,0.10,-0.36,9.64
616,0.20,-0.37,9.84
620,0.20,-0.39,10.08
621,0.31,-0.38,10.30
630,0.35,-0.38,10.53
630,0.37,-0.36,10.75
631,0.41,-0.35,10.99
632,0.44,-0.34,11.20
635,0.47,-0.33,11.49
637,0.44,-0.38,11.72
640,0.47,-0.45,12.01
645,0.46,-0.37,12.20
646,0.47,-0.38,12.49
646,0.48,-0.38,12.73
650,0.52,-0.38,13.05
652,0.55,-0.33,13.38
655,0.57,-0.29,13.62
658,0.65,-0.25,13.89
663,0.70,-0.21,14.23
663,0.76,-0.19,14.60
664,0.87,-0.19,14.88
667,0.95,-0.15,15.23
670,1.05,-0.09,15.57
673,1.16,-0.10,15.96
679,1.27,-0.05,16.28
679,1.36,0.01,16.67
680,1.46,0.04,16.97
682,1.56,0.04,17.32
684,1.62,0.07,17.54
687,1.61,0.08,17.72
690,1.61,0.08,17.96
694,1.58,0.13,18.13
695,1.57,0.16,18.21
697,1.58,0.22,18.28
700,1.49,0.35,18.30
702,1.42,0.46,18.27
705,1.31,0.56,18.25
713,1.26,0.65,18.16
714,1.19,0.74,18.02
714,1.11,0.82,17.99
716,1.07,0.96,17.84
717,1.03,1.05,17.70
720,0.97,1.15,17.67
722,0.92,1.30,17.51
731,0.90,1.38,17.45
731,0.88,1.50,17.31
732,0.86,1.59,17.20
733,0.83,1.72,17.13
735,0.82,1.83,17.00
737,0.82,1.93,16.84
740,0.80,2.11,16.71
747,0.79,2.21,16.62
747,0.82,2.33,16.59
748,0.87,2.48,16.48
751,0.90,2.60,16.50
754,0.99,2.66,16.53
755,1.05,2.70,16.50
765,1.13,2.72,16.55
766,1.15,2.80,16.61
766,1.17,2.85,16.65
769,1.18,2.91,16.71
770,1.12,2.96,16.75
771,1.15,2.97,16.79
773,1.11,3.06,16.86
778,1.06,3.11,16.88
779,1.06,3.12,16.96
780,1.07,3.16,17.02
783,1.00,3.22,17.07
785,0.96,3.22,17.06
787,0.93,3.18,17.20
791,0.85,3.17,17.21
796,0.81,3.14,17.24
797,0.77,3.17,17.33
797,0.72,3.12,17.39
800,0.70,3.11,17.30
802,0.68,3.19,17.33
805,0.63,3.23,17.42
810,0.64,3.20,17.45
811,0.60,3.21,17.43
812,0.60,3.19,17.49
815,0.62,3.19,17.45
817,0.61,3.23,17.45
820,0.61,3.16,17.47
822,0.65,3.18,17.52
830,0.71,3.18,17.47
831,0.71,3.23,17.44
832,0.75,3.23,17.41
833,0.73,3.22,17.45
835,0.76,3.21,17.36
837,0.82,3.23,17.35
846,0.87,3.19,17.34
847,0.96,3.22,17.22
848,0.99,3.28,17.12
848,1.09,3.30,17.05
851,1.14,3.36,17.02
852,1.20,3.43,16.85
856,1.16,3.42,16.78
863,1.21,3.38,16.70
864,1.20,3.40,16.63
864,1.24,3.40,16.49
865,1.21,3.34,16.35
868,1.13,3.32,16.29
870,1.09,3.36,16.13
875,1.02,3.35,16.02
876,0.91,3.33,15.94
882,0.78,3.34,15.92
882,0.69,3.32,15.87
883,0.54,3.33,15.80
888,0.42,3.29,15.76
889,0.32,3.21,15.75
891,0.21,3.16,15.76
896,0.12,3.07,15.71
897,-0.01,3.06,15.80
897,-0.11,3.00,15.79
900,-0.22,2.90,15.74
903,-0.36,2.85,15.74
905,-0.39,2.81,15.69
911,-0.44,2.79,15.64
911,-0.59,2.80,15.63
913,-0.64,2.77,15.55
915,-0.67,2.68,15.50
918,-0.73,2.56,15.42
921,-0.67,2.55,15.27
923,-0.68,2.54,15.05
928,-0.69,2.59,14.93
928,-0.69,2.63,14.75
930,-0.62,2.73,14.58
934,-0.64,2.78,14.46
936,-0.62,2.83,14.23
940,-0.63,2.83,14.07
943,-0.65,2.82,13.91
946,-0.63,2.81,13.78
946,-0.67,2.80,13.62
948,-0.65,2.80,13.53
951,-0.68,2.79,13.38
954,-0.81,2.85,13.33
957,-0.86,2.83,13.16
960,-0.90,2.83,13.17
962,-1.02,2.86,13.15
964,-1.17,2.87,13.17
967,-1.22,2.89,13.15
969,-1.32,2.88,13.18
972,-1.44,2.82,13.28
978,-1.52,2.79,13.32
978,-1.51,2.83,13.39
978,-1.57,2.81,13.48
982,-1.57,2.74,13.54
984,-1.54,2.80,13.56
988,-1.53,2.81,13.68
989,-1.53,2.80,13.74
994,-1.49,2.80,13.84
995,-1.48,2.81,13.81
998,-1.50,2.83,13.89
999,-1.49,2.86,13.90
1002,-1.44,2.86,13.89
1004,-1.33,2.88,13.92
1007,-1.34,2.89,13.91
1011,-1.26,2.90,13.81
1012,-1.24,2.89,13.72
1015,-1.19,2.87,13.71
1017,-1.19,2.85,13.55
1019,-1.19,2.90,13.43
1022,-1.10,2.88,13.33
1024,-1.16,2.92,13.21
1028,-1.27,2.88,13.15
1029,-1.28,2.89,13.05
1033,-1.37,2.87,13.00
1036,-1.49,2.89,12.85
1037,-1.54,2.91,12.67
1039,-1.67,2.99,12.59
1041,-1.71,3.05,12.47
1046,-1.78,3.07,12.32
1046,-1.85,3.08,12.26
1049,-1.90,3.17,12.21
1052,-1.98,3.17,12.06
1055,-2.02,3.21,11.98
1056,-1.99,3.28,11.84
1062,-1.98,3.34,11.70
1064,-1.89,3.40,11.56
1065,-1.81,3.46,11.46
1066,-1.72,3.62,11.40
1068,-1.67,3.71,11.26
1071,-1.60,3.75,11.22
1078,-1.55,3.80,11.19
1079,-1.40,3.83,11.10
1079,-1.31,3.86,11.11
1083,-1.17,3.85,11.06
1083,-1.02,3.91,11.00
1086,-0.86,3.97,10.96
1088,-0.68,4.02,10.94
1094,-0.47,4.10,10.82
1094,-0.28,4.21,10.73
1096,-0.09,4.27,10.66
1098,0.14,4.30,10.66
1101,0.29,4.33,10.67
1104,0.50,4.38,10.64
1106,0.71,4.44,10.74
1111,0.81,4.48,10.69
1111,1.01,4.49,10.67
1114,1.23,4.55,10.75
1116,1.33,4.66,10.69
1119,1.47,4.72,10.69
1121,1.63,4.75,10.68
1127,1.68,4.85,10.71
1128,1.75,4.91,10.69
1128,1.82,4.99,10.64
1132,1.87,5.01,10.69
1134,1.92,5.06,10.68
1137,1.93,5.10,10.69
1138,2.01,5.07,10.75
1145,2.09,5.07,10.70
1145,2.11,5.10,10.65
1146,2.14,5.12,10.55
1148,2.21,5.16,10.52
1151,2.26,5.30,10.36
1154,2.36,5.39,10.30
1156,2.42,5.42,10.17
1159,2.53,5.56,9.99
1162,2.56,5.61,9.97
1164,2.60,5.66,9.89
1167,2.65,5.74,9.82
1168,2.64,5.73,9.69
1171,2.66,5.73,9.63
1179,2.65,5.79,9.50
1179,2.67,5.86,9.45
1180,2.62,5.94,9.36
1182,2.62,6.05,9.33
1184,2.56,6.10,9.29
1187,2.54,6.17,9.31
1189,2.49,6.23,9.26
1196,2.48,6.28,9.23
1197,2.50,6.39,9.17
1197,2.48,6.45,9.15
1199,2.51,6.48,9.12
1202,2.45,6.56,9.07
1204,2.40,6.64,9.05
1212,2.40,6.77,9.04
1212,2.39,6.90,9.12
1213,2.36,6.93,9.18
1216,2.35,6.94,9.20
1218,2.38,6.94,9.27
1219,2.37,6.91,9.39
1222,2.44,6.90,9.41
1228,2.55,6.91,9.49
1228,2.63,6.95,9.57
1233,2.75,7.04,9.61
1234,2.81,7.12,9.62
1234,2.91,7.20,9.70
1237,2.96,7.21,9.71
1239,3.01,7.25,9.78
1244,3.10,7.27,9.84
1244,3.19,7.25,9.89
1247,3.25,7.18,9.93
1249,3.32,7.17,10.00
1251,3.36,7.13,10.03
1254,3.34,7.16,10.09
1257,3.38,7.12,10.06
1260,3.47,7.06,10.01
1262,3.58,7.02,9.95
1264,3.52,7.00,10.02
1267,3.52,6.97,9.90
1269,3.51,6.94,9.78
1272,3.50,6.91,9.67
1278,3.50,6.92,9.58
1279,3.52,6.89,9.44
1279,3.56,6.84,9.37
1283,3.55,6.77,9.28
1284,3.56,6.70,9.11
1287,3.55,6.67,8.90
1289,3.50,6.64,8.74
1297,3.48,6.67,8.62
1298,3.44,6.69,8.50
1298,3.57,6.50,8.41
1300,3.48,6.41,8.18
1303,3.35,6.22,8.11
1305,3.40,6.18,7.92
1309,3.43,6.25,7.73
1315,3.43,6.07,7.67
1316,3.33,5.99,7.52
1317,3.28,5.98,7.30
1320,3.26,5.85,7.20
1321,3.21,5.75,7.06
1322,3.12,5.63,6.87
1328,3.03,5.58,6.84
1328,2.97,5.54,6.75
1329,2.91,5.45,6.62
1333,2.81,5.37,6.47
1336,2.70,5.33,6.34
1338,2.54,5.33,6.31
1340,2.44,5.35,6.23
1344,2.26,5.31,6.19
1345,2.11,5.22,6.19
1348,2.02,5.11,6.19
1350,1.90,5.01,6.20
1354,1.79,5.07,6.31
1357,1.63,5.00,6.41
1361,1.44,4.68,6.52
1362,1.30,4.50,6.39
1362,1.20,4.46,6.17
1365,1.12,4.41,6.33
1368,1.09,4.55,6.52
1370,1.04,4.66,6.37
1373,1.05,4.63,6.39
1378,1.08,4.51,6.36
1379,1.05,4.36,6.31
1380,1.03,4.19,6.18
1385,1.00,4.09,6.15
1385,1.02,4.05,6.17
1388,0.95,4.00,6.14
1391,0.86,3.92,6.14
1396,0.82,3.76,6.17
1396,0.82,3.59,6.15
1399,0.74,3.37,6.08
1400,0.66,3.16,5.99
1404,0.62,2.98,5.92
1406,0.52,2.82,5.74
1414,0.42,2.60,5.63
1414,0.33,2.44,5.50
1414,0.19,2.33,5.31
1416,0.10,2.15,5.04
1419,-0.06,2.00,4.76
1421,-0.14,1.93,4.52
1422,-0.26,1.84,4.27
1428,-0.37,1.74,3.94
1429,-0.48,1.65,3.57
1431,-0.61,1.56,3.10
1432,-0.74,1.60,2.70
1435,-0.80,1.66,2.20
1437,-0.94,1.68,1.74
1440,-0.98,1.79,1.23
1445,-1.09,1.75,0.66
1446,-1.17,1.77,0.19
1448,-1.28,1.80,-0.27
1450,-1.35,1.81,-0.76
1452,-1.45,1.82,-1.23
1455,-1.56,1.86,-1.82
1461,-1.68,1.93,-2.31
1461,-1.74,1.99,-2.71
1462,-1.85,2.03,-3.14
1465,-1.86,2.16,-3.60
1469,-1.88,2.20,-4.01
1470,-1.82,2.21,-4.41
1473,-1.80,2.21,-4.81
1479,-1.80,2.22,-5.21
1479,-1.77,2.33,-5.55
1480,-1.75,2.50,-5.89
1484,-1.77,2.65,-6.11
1485,-1.82,2.79,-6.25
1488,-1.87,2.81,-6.32
1490,-1.90,2.76,-6.34
1496,-1.80,2.57,-6.28
1497,-1.76,2.34,-6.26
1498,-1.73,2.14,-6.15
1500,-1.71,2.02,-6.12
1503,-1.60,1.86,-6.04
1505,-1.58,1.79,-5.92
1511,-1.54,1.69,-5.92
1512,-1.46,1.62,-5.80
1513,-1.46,1.53,-5.75
1515,-1.39,1.45,-5.66
1518,-1.34,1.32,-5.63
1520,-1.37,1.14,-5.57
1523,-1.39,1.00,-5.60
1530,-1.46,0.82,-5.71
1531,-1.49,0.67,-5.79
1532,-1.59,0.63,-5.95
1536,-1.62,0.61,-6.12
1537,-1.65,0.57,-6.30
1538,-1.65,0.49,-6.55
1540,-1.73,0.38,-6.79
1546,-1.75,0.23,-7.11
1546,-1.78,0.07,-7.53
1552,-1.81,-0.17,-7.87
1552,-1.83,-0.33,-8.23
1553,-1.77,-0.47,-8.58
1556,-1.72,-0.53,-8.99
1561,-1.77,-0.50,-9.42
1562,-1.76,-0.27,-9.76
1563,-1.76,-0.04,-10.03
1565,-1.80,0.05,-10.14
1568,-1.78,0.03,-10.17
1570,-1.77,-0.13,-10.11
1573,-1.85,-0.33,-10.12
1578,-1.91,-0.54,-10.12
1578,-1.95,-0.72,-10.15
1580,-2.03,-0.88,-10.21
1585,-2.13,-0.95,-10.27
1586,-2.13,-0.93,-10.41
1588,-2.14,-0.91,-10.60
1590,-2.19,-0.91,-10.80
1600,-2.20,-0.97,-10.92
1602,-2.20,-1.02,-11.24
1604,-2.31,-1.14,-11.41
1604,-2.35,-1.30,-11.72
1604,-2.39,-1.41,-11.95
1606,-2.38,-1.46,-12.27
1611,-2.51,-1.61,-12.53
1611,-2.49,-1.59,-13.13
1613,-2.50,-1.57,-13.47
1617,-2.49,-1.55,-13.95
1619,-2.43,-1.71,-14.33
1621,-2.47,-1.95,-14.61
1624,-2.44,-2.10,-14.80
1630,-2.38,-2.18,-15.11
1631,-2.28,-2.41,-15.38
1631,-2.21,-2.65,-15.69
1634,-2.05,-2.81,-16.00
1637,-1.85,-2.96,-16.27
1639,-1.66,-3.08,-16.62
1645,-1.45,-3.16,-16.95
1645,-1.19,-3.26,-17.44
1646,-0.98,-3.39,-17.91
1650,-0.73,-3.54,-18.40
1650,-0.52,-3.67,-18.78
1654,-0.28,-3.82,-19.17
1657,-0.00,-3.89,-19.61
1661,0.24,-4.10,-20.03
1662,0.48,-4.26,-20.41
1664,0.67,-4.39,-20.86
1666,0.83,-4.49,-21.16
1669,0.98,-4.62,-21.53
1672,1.14,-4.76,-21.89
1674,1.15,-4.91,-22.14
1679,1.14,-5.08,-22.30
1679,1.09,-5.38,-22.35
1681,0.94,-5.74,-22.53
1685,0.72,-6.17,-22.63
1686,0.53,-6.59,-22.78
1689,0.30,-7.07,-22.96
1691,-0.02,-7.57,-23.13
1695,-0.34,-8.22,-23.34
1696,-0.69,-8.88,-23.60
1701,-1.08,-9.61,-23.89
1703,-1.50,-10.55,-24.10
1705,-1.86,-11.63,-24.37
1707,-2.35,-12.92,-24.48
1714,-2.94,-14.38,-24.62
1714,-3.46,-15.98,-24.70
1715,-4.00,-17.71,-24.80
1717,-4.59,-19.43,-24.84
1719,-5.14,-21.04,-24.94
1721,-5.37,-22.49,-25.04
1724,-6.67,-24.24,-24.96
1730,-7.40,-25.89,-25.60
1731,-7.97,-27.25,-25.49
1731,-8.79,-28.43,-25.70
1734,-9.67,-29.47,-26.02
1736,-10.50,-30.38,-26.34
1739,-11.24,-31.14,-26.84
1745,-12.19,-31.90,-27.44
1746,-12.60,-32.33,-27.91
1747,-13.48,-32.67,-28.56
1749,-15.78,-33.50,-30.85
1750,-16.58,-33.88,-31.47
1753,-16.77,-33.76,-32.20
1756,-17.20,-33.73,-33.70
1762,-17.63,-33.79,-34.80
1762,-17.40,-33.75,-36.03
1764,-17.98,-34.09,-37.69
1765,-18.31,-34.66,-39.47
1769,-17.36,-34.80,-40.49
1771,-16.31,-34.80,-41.66
1774,-15.30,-34.84,-42.90
1779,-14.07,-34.91,-43.85
1780,-12.67,-35.05,-44.79
1781,-11.08,-35.31,-45.64
1784,-9.42,-35.50,-46.26
1786,-7.58,-35.83,-46.64
1788,-5.74,-36.18,-46.74
1795,-4.03,-36.34,-46.60
1796,-2.32,-36.51,-46.23
1797,-0.58,-36.65,-45.98
1799,0.95,-36.69,-45.32
1801,2.32,-36.63,-44.62
1804,3.53,-36.72,-43.68
1806,4.57,-36.99,-42.46
1814,5.33,-37.25,-41.04
1814,5.77,-37.58,-39.33
1815,6.08,-38.02,-37.80
1817,6.20,-38.77,-35.91
1819,6.26,-39.81,-33.85
1821,6.11,-41.19,-31.53
1825,5.91,-42.60,-28.90
1833,5.80,-44.12,-26.41
1833,5.70,-45.84,-23.63
1834,5.57,-47.61,-20.48
1835,5.34,-49.36,-17.03
1838,4.99,-51.10,-13.55
1840,4.56,-52.82,-9.50
1842,3.94,-54.53,-4.99
1848,3.56,-55.51,-0.89
1848,-0.04,-58.88,17.23
1853,-8.09,-51.95,58.16
1857,1.92,-46.85,-41.44
1863,6.33,-56.51,3.13
1863,-3.25,-52.24,44.16
1864,-7.84,-57.26,15.25
1864,-8.03,-60.93,36.19
1864,-11.59,-60.40,32.51
1867,-8.78,-58.95,41.32
1870,-11.75,-61.42,42.82
1872,-13.36,-64.40,50.18
1879,-14.91,-65.87,54.21
1879,-16.67,-67.06,58.70
1880,-18.20,-67.10,62.57
1882,-19.37,-66.27,67.12
1885,-20.40,-64.24,70.09
1887,-20.67,-61.28,71.52
1890,-21.06,-58.57,72.82
1896,-21.14,-55.93,73.85
1896,-21.00,-53.44,74.40
1897,-20.76,-51.28,74.54
1900,-20.40,-49.37,74.16
1902,-19.86,-47.42,73.31
1905,-19.01,-45.34,71.83
1907,-17.79,-43.20,70.09
1911,-16.38,-41.07,67.97
1912,-14.87,-39.21,65.69
1915,-13.33,-37.55,63.29
1919,-11.83,-36.00,61.04
1919,-10.45,-34.42,59.26
1923,-9.10,-32.83,57.64
1925,-7.91,-31.09,56.27
1931,-6.86,-29.36,54.81
1931,-5.97,-27.65,53.71
1933,-5.24,-26.19,52.87
1936,-4.76,-24.92,52.26
1938,-4.46,-23.83,51.82
1941,-4.28,-22.78,51.38
1946,-4.17,-21.70,50.81
1946,-4.25,-20.56,50.27
1947,-4.36,-19.33,49.53
1951,-4.59,-18.15,48.83
1953,-4.91,-17.05,48.02
1956,-5.26,-15.98,47.06
1959,-5.63,-14.90,45.96
1965,-6.05,-13.90,44.63
1966,-6.50,-12.95,43.30
1966,-6.90,-11.97,41.75
1967,-7.28,-11.17,40.25
1970,-7.60,-10.43,38.75
1972,-7.81,-9.72,37.05
1974,-8.06,-9.13,35.54
1979,-8.22,-8.53,34.08
1980,-8.28,-8.03,32.61
1981,-8.32,-7.60,31.25
1985,-8.35,-7.24,30.01
1986,-8.23,-6.93,28.84
1990,-8.15,-6.69,27.73
1995,-7.97,-6.46,26.75
1995,-7.81,-6.17,25.86
1997,-7.66,-6.05,25.10
