4,-0.35,0.29,-0.06
10,-0.38,0.27,-0.05
12,-0.41,0.26,-0.04
17,-0.44,0.25,-0.02
22,-0.47,0.25,-0.01
33,-0.50,0.28,-0.00
33,-0.54,0.34,-0.00
37,-0.57,0.41,-0.01
42,-0.58,0.47,-0.02
46,-0.59,0.51,-0.04
52,-0.60,0.53,-0.05
59,-0.61,0.55,-0.08
62,-0.62,0.58,-0.10
68,-0.63,0.62,-0.13
72,-0.64,0.68,-0.16
84,-0.66,0.74,-0.18
85,-0.69,0.79,-0.20
87,-0.73,0.83,-0.21
101,-0.79,0.86,-0.22
101,-0.84,0.86,-0.23
102,-0.90,0.84,-0.23
117,-0.96,0.81,-0.23
117,-1.01,0.78,-0.23
118,-1.06,0.75,-0.21
123,-1.11,0.72,-0.19
128,-1.16,0.69,-0.17
134,-1.22,0.66,-0.15
137,-1.27,0.62,-0.12
142,-1.33,0.59,-0.10
147,-1.40,0.56,-0.07
152,-1.48,0.54,-0.06
166,-1.56,0.51,-0.04
166,-1.64,0.48,-0.04
168,-1.67,0.44,-0.04
172,-1.69,0.42,-0.04
178,-1.70,0.42,-0.03
183,-1.74,0.46,-0.01
187,-1.81,0.51,0.00
193,-1.87,0.56,-0.01
198,-1.93,0.58,-0.01
203,-1.98,0.58,-0.02
216,-2.03,0.58,-0.02
217,-2.07,0.58,-0.03
217,-2.10,0.59,-0.03
226,-2.14,0.61,-0.02
230,-2.16,0.65,-0.01
234,-2.19,0.69,0.01
238,-2.21,0.75,0.03
243,-2.25,0.80,0.05
248,-2.30,0.86,0.06
254,-2.35,0.90,0.06
267,-2.38,0.95,0.05
267,-2.43,1.01,0.03
267,-2.51,1.07,0.00
273,-2.61,1.14,-0.04
280,-2.70,1.22,-0.09
284,-2.79,1.33,-0.14
289,-2.87,1.44,-0.17
293,-2.93,1.51,-0.19
298,-2.96,1.55,-0.23
304,-2.97,1.54,-0.27
310,-2.98,1.52,-0.32
313,-2.95,1.47,-0.36
318,-2.88,1.39,-0.40
323,-2.81,1.29,-0.46
329,-2.72,1.17,-0.53
334,-2.59,1.05,-0.61
338,-2.43,0.94,-0.69
344,-2.26,0.87,-0.75
348,-2.06,0.85,-0.82
354,-1.87,0.89,-0.88
359,-1.67,0.97,-0.94
364,-1.46,1.11,-0.99
369,-1.26,1.29,-1.05
377,-1.08,1.50,-1.09
379,-0.92,1.72,-1.11
385,-0.78,1.91,-1.12
389,-0.68,2.05,-1.13
394,-0.58,2.13,-1.12
399,-0.51,2.17,-1.10
406,-0.44,2.16,-1.07
410,-0.37,2.09,-1.04
414,-0.30,1.96,-1.00
419,-0.23,1.79,-0.96
428,-0.16,1.58,-0.91
428,-0.09,1.34,-0.87
434,-0.02,1.06,-0.83
438,0.08,0.75,-0.79
445,0.18,0.44,-0.77
451,0.28,0.15,-0.75
453,0.40,-0.14,-0.72
459,0.53,-0.40,-0.69
463,0.66,-0.65,-0.66
468,0.80,-0.88,-0.61
476,0.94,-1.10,-0.57
479,1.09,-1.29,-0.51
484,1.25,-1.43,-0.44
488,1.40,-1.50,-0.36
494,1.56,-1.52,-0.28
498,1.71,-1.49,-0.20
504,1.86,-1.44,-0.12
511,1.99,-1.38,-0.06
514,2.14,-1.33,-0.02
518,2.27,-1.28,0.01
529,2.40,-1.24,0.04
530,2.52,-1.21,0.05
534,2.64,-1.19,0.05
538,2.76,-1.20,0.05
544,2.87,-1.22,0.05
549,2.99,-1.25,0.05
553,3.09,-1.27,0.04
564,3.18,-1.28,0.04
565,3.28,-1.27,0.04
569,3.37,-1.24,0.04
577,3.45,-1.19,0.05
578,3.52,-1.13,0.06
584,3.59,-1.06,0.07
589,3.65,-1.00,0.07
594,3.72,-0.93,0.08
599,3.79,-0.85,0.09
604,3.86,-0.78,0.10
611,3.92,-0.72,0.12
614,3.99,-0.69,0.14
619,4.06,-0.70,0.18
630,4.14,-0.74,0.23
631,4.21,-0.82,0.29
635,4.28,-0.92,0.36
646,4.35,-1.05,0.43
647,4.40,-1.18,0.50
650,4.45,-1.31,0.57
655,4.48,-1.44,0.63
661,4.50,-1.57,0.68
664,4.52,-1.70,0.72
670,4.54,-1.81,0.75
677,4.55,-1.91,0.78
681,4.56,-1.95,0.79
685,4.56,-1.94,0.81
690,4.54,-1.87,0.84
695,4.53,-1.78,0.89
700,4.52,-1.67,0.94
705,4.52,-1.59,1.00
712,4.53,-1.53,1.04
715,4.55,-1.51,1.09
720,4.59,-1.54,1.12
728,4.64,-1.60,1.14
730,4.70,-1.68,1.16
736,4.76,-1.76,1.16
740,4.81,-1.84,1.16
745,4.85,-1.91,1.14
750,4.88,-1.98,1.11
754,4.91,-2.05,1.08
760,4.94,-2.10,1.05
765,4.98,-2.14,1.01
769,4.99,-2.16,0.97
777,4.98,-2.14,0.92
779,4.97,-2.08,0.86
784,4.94,-2.00,0.80
789,4.88,-1.89,0.75
795,4.82,-1.76,0.71
799,4.75,-1.62,0.68
805,4.67,-1.48,0.63
811,4.59,-1.33,0.60
814,4.53,-1.20,0.56
819,4.48,-1.10,0.53
827,4.44,-1.04,0.51
830,4.42,-1.02,0.48
834,4.40,-1.06,0.45
839,4.43,-1.12,0.40
846,4.47,-1.21,0.35
850,4.50,-1.27,0.30
854,4.52,-1.26,0.26
863,4.55,-1.17,0.23
866,4.57,-1.02,0.21
870,4.56,-0.81,0.19
879,4.56,-0.54,0.18
880,4.57,-0.25,0.19
885,4.57,0.03,0.21
890,4.58,0.29,0.23
897,4.59,0.50,0.27
901,4.61,0.64,0.32
905,4.65,0.74,0.37
911,4.68,0.79,0.43
915,4.72,0.83,0.49
920,4.75,0.86,0.56
928,4.76,0.87,0.62
930,4.77,0.84,0.68
936,4.78,0.77,0.72
940,4.79,0.67,0.75
946,4.79,0.53,0.78
950,4.79,0.37,0.80
955,4.78,0.20,0.78
960,4.75,0.07,0.74
965,4.71,0.02,0.69
970,4.63,0.07,0.64
978,4.51,0.19,0.59
980,4.37,0.35,0.54
985,4.22,0.51,0.49
995,4.05,0.66,0.44
996,3.86,0.77,0.38
1000,3.66,0.83,0.34
1005,3.45,0.80,0.28
1011,3.25,0.69,0.21
1015,3.06,0.54,0.12
1020,2.89,0.41,0.02
1028,2.73,0.34,-0.07
1030,2.57,0.34,-0.16
1035,2.41,0.41,-0.26
1045,2.27,0.53,-0.36
1046,2.14,0.70,-0.47
1050,2.01,0.92,-0.58
1055,1.89,1.19,-0.69
1062,1.75,1.49,-0.82
1065,1.60,1.82,-0.94
1071,1.42,2.17,-1.06
1079,1.22,2.51,-1.18
1081,1.00,2.80,-1.30
1085,0.76,3.03,-1.41
1097,0.49,3.20,-1.52
1098,0.16,3.29,-1.62
1101,-0.22,3.26,-1.73
1106,-0.63,3.12,-1.86
1111,-1.08,2.90,-2.00
1117,-1.54,2.63,-2.14
1122,-2.02,2.36,-2.30
1127,-2.51,2.09,-2.46
1132,-3.00,1.92,-2.62
1137,-3.48,1.85,-2.78
1141,-3.97,1.87,-2.97
1146,-4.47,1.93,-3.18
1151,-4.96,2.00,-3.40
1157,-5.46,2.07,-3.63
1161,-5.95,2.07,-3.88
1167,-6.46,2.00,-4.14
1172,-7.02,1.88,-4.41
1181,-7.61,1.73,-4.68
1181,-8.26,1.57,-4.94
1187,-8.98,1.47,-5.17
1191,-9.78,1.49,-5.36
1197,-10.62,1.59,-5.51
1201,-11.52,1.71,-5.60
1206,-12.47,1.76,-5.62
1213,-13.41,1.63,-5.61
1217,-14.35,1.27,-5.56
1222,-15.23,0.56,-5.47
1229,-16.05,-0.37,-5.40
1231,-16.79,-1.34,-5.34
1237,-17.39,-2.30,-5.23
1244,-17.45,-3.16,-4.97
1246,-15.66,-7.79,-4.61
1251,-17.20,-6.91,-3.95
1256,-17.28,-4.79,-2.85
1262,-17.22,-2.77,-1.95
1266,-16.28,-1.43,-1.53
1272,-15.52,-0.04,-1.09
1283,-14.46,1.08,-0.71
1284,-13.29,1.81,-0.46
1287,-12.06,2.26,-0.33
1297,-10.99,2.48,-0.34
1298,-10.04,2.63,-0.44
1302,-9.23,2.81,-0.60
1306,-8.64,2.90,-0.84
1311,-8.18,2.87,-1.13
1316,-7.82,2.72,-1.45
1321,-7.50,2.47,-1.74
1330,-7.13,2.15,-2.00
1332,-6.68,1.83,-2.18
1336,-6.17,1.67,-2.27
1345,-5.64,1.72,-2.28
1346,-5.09,1.95,-2.19
1351,-4.54,2.28,-2.06
1356,-4.01,2.61,-1.88
1364,-3.55,2.87,-1.68
1366,-3.18,3.03,-1.47
1371,-2.93,3.04,-1.25
1380,-2.75,2.90,-1.06
1383,-2.64,2.64,-0.88
1387,-2.61,2.36,-0.71
1395,-2.65,2.08,-0.56
1397,-2.74,1.87,-0.42
1402,-2.92,1.76,-0.28
1407,-3.13,1.75,-0.14
1413,-3.34,1.77,-0.03
1418,-3.52,1.78,0.05
1422,-3.68,1.79,0.08
1428,-3.82,1.79,0.08
1432,-3.93,1.77,0.04
1438,-3.99,1.73,-0.02
1445,-4.02,1.67,-0.10
1448,-4.01,1.61,-0.20
1453,-3.97,1.53,-0.30
1457,-3.90,1.48,-0.39
1462,-3.82,1.46,-0.47
1468,-3.72,1.48,-0.54
1472,-3.62,1.52,-0.59
1477,-3.49,1.57,-0.62
1483,-3.36,1.63,-0.64
1488,-3.23,1.69,-0.64
1493,-3.12,1.71,-0.65
1498,-3.00,1.68,-0.67
1504,-2.87,1.60,-0.71
1511,-2.74,1.50,-0.76
1513,-2.60,1.39,-0.81
1520,-2.47,1.32,-0.84
1524,-2.34,1.30,-0.87
1529,-2.21,1.33,-0.88
1533,-2.07,1.38,-0.89
1537,-1.93,1.46,-0.89
1545,-1.78,1.56,-0.88
1547,-1.63,1.69,-0.87
1552,-1.47,1.83,-0.84
1561,-1.28,1.96,-0.81
1563,-1.09,2.09,-0.76
1567,-0.93,2.24,-0.72
1572,-0.82,2.33,-0.66
1579,-0.72,2.37,-0.60
1582,-0.68,2.35,-0.54
1587,-0.66,2.28,-0.47
1594,-0.67,2.15,-0.41
1597,-0.71,1.94,-0.36
1602,-0.77,1.67,-0.32
1611,-0.81,1.38,-0.29
1612,-0.85,1.08,-0.27
1617,-0.90,0.79,-0.26
1623,-0.93,0.53,-0.26
1630,-0.96,0.28,-0.26
1633,-0.98,0.08,-0.27
1637,-1.00,-0.07,-0.28
1646,-1.03,-0.16,-0.28
1647,-1.05,-0.19,-0.27
1653,-1.07,-0.16,-0.25
1663,-1.09,-0.09,-0.22
1664,-1.10,0.01,-0.17
1668,-1.10,0.12,-0.11
1673,-1.08,0.22,-0.04
1677,-1.03,0.30,0.03
1683,-0.96,0.35,0.11
1689,-0.88,0.35,0.17
1695,-0.77,0.34,0.24
1698,-0.66,0.29,0.30
1704,-0.54,0.23,0.36
1711,-0.41,0.14,0.41
1713,-0.28,0.03,0.46
1719,-0.14,-0.09,0.52
1724,-0.01,-0.23,0.57
1731,0.12,-0.40,0.62
1734,0.25,-0.58,0.66
1739,0.37,-0.75,0.69
1746,0.48,-0.88,0.73
1749,0.57,-0.97,0.76
1755,0.64,-1.00,0.79
1762,0.68,-0.97,0.83
1764,0.70,-0.91,0.86
1769,0.70,-0.81,0.90
1774,0.69,-0.69,0.95
1778,0.66,-0.56,0.99
1784,0.62,-0.44,1.03
1789,0.57,-0.35,1.07
1795,0.53,-0.29,1.10
1799,0.48,-0.27,1.12
1803,0.45,-0.28,1.12
1812,0.44,-0.32,1.12
1813,0.43,-0.37,1.10
1818,0.43,-0.43,1.08
1823,0.44,-0.49,1.06
1829,0.46,-0.57,1.03
1833,0.50,-0.68,1.00
1838,0.56,-0.81,0.96
1847,0.63,-0.94,0.91
1848,0.70,-1.04,0.85
1854,0.78,-1.12,0.79
1862,0.85,-1.14,0.72
1864,0.91,-1.12,0.66
1868,0.96,-1.07,0.60
1874,1.00,-1.01,0.55
1882,1.05,-0.93,0.50
1884,1.09,-0.82,0.46
1889,1.11,-0.69,0.43
1899,1.13,-0.52,0.41
1900,1.14,-0.34,0.41
1904,1.14,-0.13,0.42
1911,1.13,0.06,0.43
1914,1.11,0.25,0.46
1919,1.09,0.41,0.50
1925,1.07,0.55,0.55
1933,1.06,0.66,0.61
1934,1.05,0.73,0.67
1940,1.05,0.76,0.73
1945,1.06,0.74,0.79
1950,1.08,0.67,0.84
1955,1.10,0.55,0.88
1962,1.14,0.40,0.91
1966,1.19,0.22,0.94
1970,1.24,0.01,0.96
1979,1.29,-0.22,0.98
1980,1.35,-0.46,0.99
1985,1.40,-0.69,1.00
1990,1.46,-0.92,1.00
1996,1.50,-1.14,0.99
