2,4.06,0.23,8.69
6,3.99,0.20,8.72
7,3.89,0.15,8.54
8,3.89,0.15,8.40
10,3.90,0.19,8.49
24,3.86,0.14,8.51
25,3.83,0.18,8.45
25,3.85,0.21,8.32
25,3.91,0.25,8.41
26,3.82,0.19,8.32
26,3.73,0.15,8.20
28,3.70,0.15,8.13
32,3.71,0.19,8.03
32,3.81,0.24,8.00
35,3.76,0.22,7.91
38,3.70,0.25,7.81
40,3.69,0.27,7.78
42,3.69,0.29,7.66
48,3.65,0.35,7.61
48,3.64,0.32,7.59
50,3.59,0.34,7.54
52,3.61,0.45,7.53
55,3.56,0.41,7.46
58,3.50,0.40,7.39
61,3.44,0.44,7.40
70,3.47,0.41,7.41
71,3.41,0.39,7.41
71,3.42,0.39,7.44
71,3.39,0.30,7.34
73,3.26,0.22,7.26
76,3.28,0.27,7.28
82,3.27,0.27,7.27
82,3.20,0.20,7.21
83,3.17,0.22,7.29
86,3.16,0.18,7.31
88,3.18,0.21,7.22
91,3.16,0.17,7.28
93,3.02,0.06,7.13
107,3.03,-0.00,7.09
107,2.98,-0.01,7.09
108,2.90,-0.03,7.17
108,2.85,0.04,7.16
108,2.86,0.03,7.11
109,2.84,0.01,7.11
111,2.82,0.02,7.11
120,2.78,-0.02,7.01
121,2.77,0.03,7.06
121,2.76,0.03,7.00
122,2.72,0.01,7.00
123,2.77,0.02,6.97
126,2.75,-0.03,6.97
131,2.76,-0.06,6.97
132,2.67,-0.11,6.90
133,2.69,-0.12,6.95
136,2.78,-0.10,6.95
138,2.79,-0.16,6.88
141,2.78,-0.16,6.86
143,2.79,-0.14,6.85
149,2.82,-0.19,6.88
149,2.87,-0.17,6.77
151,2.88,-0.21,6.76
153,2.89,-0.26,6.74
156,2.89,-0.31,6.71
158,2.96,-0.35,6.69
161,2.98,-0.41,6.65
165,3.02,-0.44,6.53
166,3.06,-0.48,6.50
168,3.10,-0.55,6.41
171,3.10,-0.53,6.40
173,3.18,-0.52,6.42
176,3.21,-0.57,6.37
182,3.25,-0.65,6.32
182,3.29,-0.68,6.15
183,3.35,-0.71,6.13
186,3.35,-0.76,6.03
189,3.38,-0.80,5.99
191,3.43,-0.88,5.93
193,3.46,-0.89,5.77
205,3.51,-0.95,5.68
205,3.50,-0.98,5.58
206,3.53,-1.05,5.52
206,3.56,-1.09,5.38
207,3.55,-1.13,5.25
208,3.54,-1.19,5.08
211,3.54,-1.19,4.90
227,3.54,-1.23,4.79
231,3.53,-1.24,4.67
231,3.51,-1.25,4.60
231,3.50,-1.28,4.54
232,3.45,-1.31,4.52
232,3.48,-1.32,4.49
232,3.45,-1.34,4.42
233,3.40,-1.36,4.35
233,3.33,-1.37,4.34
249,3.33,-1.40,4.38
249,3.30,-1.45,4.39
250,3.25,-1.50,4.45
250,3.22,-1.57,4.54
250,3.16,-1.65,4.71
250,3.16,-1.75,4.85
256,3.23,-1.82,4.96
256,3.24,-1.90,5.08
257,3.22,-1.99,5.25
260,3.23,-2.10,5.42
262,3.22,-2.10,5.57
265,3.27,-2.19,5.63
266,3.29,-2.24,5.80
269,3.27,-2.30,5.90
272,3.30,-2.30,5.97
274,3.41,-2.33,5.99
277,3.49,-2.35,6.12
281,3.58,-2.36,6.23
283,3.70,-2.38,6.43
283,3.79,-2.37,6.56
288,3.76,-2.36,6.73
290,3.78,-2.36,6.87
292,3.79,-2.27,7.00
294,3.72,-2.18,7.24
298,3.62,-2.10,7.50
299,3.60,-2.03,7.77
303,3.47,-2.04,8.09
305,3.39,-2.04,8.47
307,3.28,-2.08,8.84
310,3.15,-2.15,9.26
316,3.02,-2.19,9.72
316,2.90,-2.25,10.14
318,2.80,-2.36,10.62
320,2.72,-2.47,11.08
324,2.57,-2.55,11.55
324,2.48,-2.65,12.17
328,2.32,-2.73,12.71
333,2.19,-2.75,13.26
334,2.02,-2.79,13.82
334,1.80,-2.88,14.49
342,1.51,-2.97,15.06
342,1.23,-2.99,15.73
343,0.95,-3.03,16.29
345,0.62,-3.03,16.79
349,0.36,-3.03,17.34
349,0.08,-3.15,17.83
354,-0.28,-3.28,18.22
354,-0.55,-3.48,18.66
358,-0.89,-3.67,19.14
360,-1.18,-3.81,19.51
362,-1.53,-3.88,19.81
366,-1.87,-3.94,20.16
367,-2.23,-3.90,20.47
371,-2.60,-3.81,20.72
373,-2.99,-3.76,20.98
375,-3.37,-3.68,21.16
378,-3.70,-3.62,21.34
382,-4.05,-3.52,21.53
383,-4.44,-3.45,21.70
385,-4.79,-3.38,21.87
387,-5.06,-3.39,22.01
389,-5.33,-3.35,22.08
392,-5.64,-3.36,22.20
394,-5.93,-3.35,22.37
401,-6.22,-3.32,22.45
401,-6.51,-3.24,22.48
403,-6.75,-3.13,22.55
404,-6.98,-3.08,22.63
407,-7.24,-3.00,22.84
409,-7.43,-2.97,22.96
414,-7.59,-2.96,23.01
415,-7.61,-2.90,23.09
420,-7.67,-2.91,23.19
420,-7.77,-2.89,23.23
422,-7.76,-2.78,23.19
424,-7.75,-2.74,23.13
428,-7.74,-2.69,23.03
433,-7.71,-2.65,22.88
434,-7.66,-2.56,22.66
434,-7.61,-2.49,22.48
438,-7.53,-2.33,22.20
440,-7.42,-2.19,21.97
442,-7.32,-2.09,21.80
445,-7.26,-1.98,21.61
450,-7.12,-1.88,21.30
451,-6.95,-1.87,21.05
453,-6.81,-1.80,20.78
454,-6.59,-1.80,20.51
457,-6.40,-1.76,20.10
459,-6.20,-1.69,19.80
466,-6.01,-1.66,19.46
466,-5.79,-1.56,19.13
467,-5.65,-1.49,18.75
469,-5.52,-1.39,18.47
472,-5.42,-1.27,18.12
474,-5.31,-1.23,17.74
477,-5.20,-1.17,17.44
484,-5.14,-1.15,17.22
485,-5.07,-1.11,16.88
486,-5.00,-1.15,16.58
488,-4.93,-1.16,16.14
490,-4.84,-1.21,15.87
492,-4.77,-1.24,15.48
494,-4.68,-1.27,15.25
499,-4.64,-1.22,14.88
500,-4.58,-1.15,14.56
503,-4.50,-1.03,14.17
504,-4.48,-1.00,13.90
508,-4.49,-1.00,13.61
509,-4.46,-1.04,13.24
515,-4.38,-1.07,12.92
515,-4.32,-1.07,12.64
517,-4.34,-1.15,12.36
520,-4.35,-1.20,12.03
522,-4.32,-1.22,11.66
524,-4.27,-1.25,11.36
527,-4.25,-1.30,11.03
532,-4.19,-1.27,10.75
533,-4.12,-1.28,10.49
534,-4.09,-1.27,10.24
537,-4.03,-1.23,10.04
540,-3.95,-1.23,9.68
542,-3.87,-1.27,9.58
544,-3.69,-1.15,9.42
550,-3.57,-1.07,9.25
550,-3.43,-1.05,8.99
552,-3.25,-1.03,8.85
554,-3.08,-1.01,8.70
557,-2.90,-0.93,8.54
560,-2.78,-0.85,8.34
566,-2.59,-0.80,7.97
566,-2.42,-0.73,7.71
571,-2.22,-0.75,7.55
572,-2.01,-0.73,7.35
573,-1.80,-0.71,7.08
574,-1.58,-0.71,6.83
577,-1.42,-0.73,6.70
582,-1.24,-0.77,6.49
582,-1.01,-0.74,6.25
584,-0.75,-0.70,6.04
587,-0.50,-0.68,5.75
589,-0.33,-0.68,5.41
592,-0.11,-0.70,5.21
594,0.12,-0.68,4.89
600,0.36,-0.71,4.66
601,0.53,-0.75,4.45
603,0.79,-0.77,4.28
605,1.03,-0.87,4.04
608,1.19,-0.93,3.85
609,1.43,-1.01,3.67
612,1.62,-1.09,3.39
617,1.81,-1.09,3.18
618,1.97,-1.18,3.00
621,2.19,-1.29,2.74
622,2.42,-1.49,2.58
624,2.55,-1.70,2.44
628,2.74,-1.82,2.25
634,2.83,-1.90,2.05
634,2.90,-1.97,1.86
634,3.04,-2.08,1.53
638,3.13,-2.12,1.26
642,3.18,-2.15,1.01
643,3.23,-2.26,0.75
646,3.25,-2.39,0.58
651,3.23,-2.53,0.26
651,3.26,-2.71,0.04
653,3.20,-2.93,-0.19
657,3.17,-3.16,-0.49
659,3.05,-3.38,-0.76
661,2.85,-3.52,-1.04
665,2.38,-3.60,-1.45
667,2.06,-3.67,-1.82
669,2.09,-3.83,-2.31
671,2.02,-3.99,-2.61
674,1.93,-4.08,-2.79
676,1.84,-4.19,-3.13
679,1.72,-4.39,-3.38
683,1.63,-4.55,-3.58
684,1.52,-4.71,-3.85
686,1.42,-4.86,-4.25
689,1.25,-5.02,-4.59
691,1.15,-5.08,-4.90
694,1.01,-5.11,-5.19
695,0.89,-5.15,-5.60
700,0.72,-5.22,-6.02
701,0.63,-5.27,-6.41
704,0.47,-5.34,-6.87
706,0.31,-5.48,-7.23
709,0.12,-5.62,-7.63
711,-0.03,-5.73,-7.91
713,-0.07,-5.88,-8.09
717,-0.12,-6.15,-8.41
718,-0.16,-6.49,-8.73
722,-0.15,-6.87,-9.11
725,-0.15,-7.16,-9.63
726,-0.28,-7.43,-10.18
729,-0.48,-7.82,-10.71
734,-0.52,-8.19,-11.40
735,-0.55,-8.53,-12.09
736,-0.66,-8.73,-12.67
739,-0.74,-8.97,-13.33
742,-0.81,-9.26,-14.09
743,-0.96,-9.56,-14.81
751,-1.11,-9.99,-15.55
752,-1.28,-10.44,-16.40
752,-1.60,-10.90,-17.30
753,-1.96,-11.33,-18.08
755,-2.32,-11.69,-19.07
758,-2.72,-11.96,-20.06
760,-3.11,-12.19,-20.95
767,-3.55,-12.40,-21.76
767,-3.96,-12.69,-22.67
768,-4.33,-13.05,-23.46
771,-4.63,-13.47,-24.21
774,-4.87,-13.86,-25.01
776,-5.15,-14.15,-25.70
779,-5.49,-14.45,-26.23
783,-5.77,-14.77,-26.97
785,-6.05,-14.92,-27.55
787,-6.31,-15.00,-28.24
789,-6.43,-15.14,-28.98
791,-6.49,-15.13,-29.71
794,-6.54,-15.24,-30.40
796,-6.69,-15.53,-31.19
800,-6.88,-15.83,-31.89
801,-7.13,-16.13,-32.49
804,-7.28,-16.37,-33.24
806,-7.46,-16.63,-34.07
809,-7.64,-16.84,-35.02
811,-7.93,-17.08,-35.88
815,-8.31,-17.39,-36.71
816,-8.67,-17.59,-37.39
819,-9.14,-17.88,-37.95
822,-9.57,-18.28,-38.31
825,-10.07,-18.56,-38.61
826,-10.38,-18.45,-38.95
830,-10.24,-18.88,-39.32
835,-10.66,-19.75,-38.98
835,-11.17,-20.50,-38.35
837,-11.56,-21.12,-37.88
840,-11.88,-21.75,-37.47
841,-12.14,-22.39,-36.77
844,-11.97,-23.10,-36.05
852,-11.97,-24.01,-34.92
852,-12.73,-24.70,-34.12
852,-13.13,-25.13,-34.28
854,-13.07,-25.56,-33.63
857,-12.80,-26.34,-33.02
860,-12.59,-27.33,-32.93
866,-12.75,-28.23,-32.53
866,-13.03,-29.04,-31.67
866,-13.30,-29.92,-31.17
869,-13.55,-30.74,-31.00
872,-13.87,-31.51,-31.03
874,-14.14,-32.31,-31.12
876,-14.51,-33.11,-31.21
885,-14.95,-33.96,-31.25
886,-15.35,-34.62,-31.51
886,-15.82,-35.18,-31.72
888,-16.43,-35.67,-31.89
889,-17.07,-36.07,-31.86
892,-17.70,-36.60,-31.75
895,-18.20,-37.26,-31.68
898,-18.87,-37.94,-31.53
899,-19.56,-38.62,-31.50
903,-20.15,-39.29,-31.34
905,-20.77,-39.73,-31.01
907,-21.50,-39.97,-30.62
910,-22.18,-40.17,-30.23
912,-22.94,-40.39,-29.79
916,-23.66,-40.54,-29.17
917,-24.44,-40.69,-28.43
921,-25.20,-40.76,-27.58
923,-25.89,-40.75,-26.69
925,-26.58,-40.70,-25.83
927,-27.30,-40.57,-24.96
930,-27.92,-40.37,-23.67
933,-28.49,-40.23,-22.10
934,-29.15,-40.13,-20.34
937,-29.71,-40.14,-18.44
940,-30.15,-40.31,-16.41
943,-30.34,-40.78,-13.83
945,-30.30,-41.58,-10.48
949,-30.37,-42.77,-4.80
950,-29.67,-43.14,-8.00
951,-28.41,-43.86,-3.30
956,-27.26,-43.13,1.33
957,-25.91,-41.45,3.13
960,-24.38,-40.18,5.56
961,-22.67,-39.43,8.57
966,5.31,-9.11,47.90
967,40.28,-14.57,41.40
970,-35.70,-60.05,-78.95
973,-22.72,-49.73,-68.67
976,-25.67,-1.14,-16.41
977,15.65,13.95,-38.37
980,-26.29,15.79,-16.54
986,-6.76,43.31,2.04
987,14.46,31.96,-56.54
987,-4.31,6.62,-78.95
989,-11.33,10.95,-54.65
991,-17.46,9.53,-40.99
994,-13.81,8.13,-56.68
1000,-17.60,8.36,-58.23
1000,-17.31,6.94,-42.73
1001,-16.36,3.60,-28.35
1004,-11.57,-3.55,-32.09
1007,-4.49,-7.98,-23.37
1009,-6.75,-13.02,-25.02
1011,-10.11,-15.11,-24.37
1015,-9.06,-15.17,-14.81
1016,-7.24,-16.67,-1.85
1021,-5.56,-24.86,22.22
1021,-9.71,-41.74,53.84
1024,-15.06,-47.45,28.99
1026,-9.15,-45.00,28.77
1032,-6.61,-39.75,39.33
1032,-6.19,-35.81,42.61
1034,-5.16,-31.12,49.35
1037,-4.59,-26.60,52.29
1039,-4.84,-23.59,54.74
1042,-4.59,-22.67,56.02
1044,-3.90,-22.85,57.01
1050,-3.12,-22.73,57.32
1050,-2.76,-21.01,56.70
1051,-2.76,-18.11,55.72
1054,-3.02,-14.86,53.73
1057,-3.26,-12.15,51.37
1059,-3.29,-10.50,48.90
1062,-3.39,-9.25,46.25
1066,-3.57,-8.06,43.53
1067,-3.90,-6.95,40.21
1070,-4.22,-6.00,36.91
1071,-4.53,-4.96,33.82
1075,-5.02,-3.96,31.03
1077,-5.30,-3.26,28.45
1084,-5.58,-2.50,25.73
1084,-5.97,-1.74,23.21
1086,-6.37,-1.40,20.50
1086,-6.81,-1.34,18.01
1090,-7.17,-1.77,15.66
1092,-7.58,-2.53,13.56
1095,-7.89,-3.59,11.38
1100,-8.23,-4.52,9.14
1100,-8.51,-5.19,7.44
1102,-8.82,-5.57,5.77
1105,-9.19,-5.83,4.27
1107,-9.53,-6.03,2.89
1109,-9.87,-6.21,1.38
1112,-10.23,-6.44,0.03
1117,-10.55,-6.66,-1.38
1118,-10.86,-6.86,-2.46
1120,-11.20,-7.04,-3.48
1122,-11.47,-7.18,-4.32
1125,-11.66,-7.31,-5.10
1127,-11.93,-7.45,-6.02
1133,-12.01,-7.51,-6.60
1133,-12.08,-7.61,-7.06
1136,-12.23,-7.68,-7.43
1137,-12.31,-7.71,-7.73
1140,-12.35,-7.79,-7.83
1143,-12.26,-8.00,-7.64
1144,-12.17,-8.30,-7.44
1150,-12.02,-8.75,-7.03
1151,-11.89,-9.04,-6.55
1152,-11.79,-9.39,-5.99
1155,-11.63,-9.71,-5.48
1157,-11.37,-9.94,-4.97
1159,-11.11,-10.12,-4.30
1165,-10.81,-10.23,-3.66
1165,-10.62,-10.34,-3.00
1167,-10.44,-10.47,-2.40
1170,-10.23,-10.56,-1.76
1172,-9.92,-10.62,-1.15
1175,-9.74,-10.53,-0.66
1177,-9.60,-10.47,-0.19
1182,-9.35,-10.30,0.20
1183,-9.14,-10.19,0.61
1185,-8.90,-10.14,1.07
1187,-8.68,-9.97,1.41
1190,-8.40,-9.82,1.71
1192,-8.19,-9.60,1.87
1195,-7.98,-9.25,1.94
1201,-7.74,-8.98,1.99
1202,-7.55,-8.71,2.04
1203,-7.40,-8.47,2.10
1204,-7.26,-8.18,2.12
1207,-7.06,-8.01,2.25
1210,-6.87,-7.74,2.22
1212,-6.68,-7.52,2.30
1219,-6.50,-7.35,2.32
1219,-6.36,-7.07,2.33
1220,-6.26,-6.85,2.42
1223,-6.21,-6.74,2.49
1225,-6.13,-6.66,2.65
1227,-6.18,-6.58,2.86
1233,-6.15,-6.51,3.03
1234,-6.09,-6.45,3.17
1235,-6.10,-6.37,3.22
1239,-6.06,-6.29,3.32
1242,-6.03,-6.21,3.35
1243,-5.97,-6.13,3.30
1246,-6.02,-6.04,3.21
1252,-6.00,-6.03,3.24
1253,-6.01,-5.95,3.24
1255,-5.96,-5.89,3.11
1256,-6.01,-5.84,3.06
1258,-6.04,-5.77,2.93
1261,-6.01,-5.68,2.72
1266,-6.05,-5.67,2.62
1266,-6.13,-5.66,2.43
1270,-6.16,-5.64,2.21
1270,-6.24,-5.57,1.96
1273,-6.28,-5.45,1.72
1276,-6.31,-5.34,1.42
1278,-6.35,-5.29,1.12
1283,-6.39,-5.18,0.88
1283,-6.41,-5.14,0.63
1285,-6.44,-5.11,0.46
1288,-6.46,-5.13,0.29
1291,-6.45,-5.07,0.20
1293,-6.51,-5.02,-0.14
1296,-6.55,-5.01,-0.29
1300,-6.60,-4.99,-0.34
1301,-6.65,-4.98,-0.46
1305,-6.63,-4.93,-0.61
1306,-6.66,-4.89,-0.53
1309,-6.75,-4.86,-0.54
1311,-6.82,-4.92,-0.66
1316,-6.85,-4.93,-0.70
1316,-6.92,-4.99,-0.73
1319,-7.03,-5.00,-0.70
1322,-7.15,-5.02,-0.63
1324,-7.23,-5.12,-0.67
1326,-7.40,-5.21,-0.65
1329,-7.52,-5.24,-0.70
1335,-7.68,-5.27,-0.67
1335,-7.83,-5.31,-0.66
1336,-8.00,-5.26,-0.61
1339,-8.19,-5.24,-0.68
1342,-8.37,-5.27,-0.75
1345,-8.52,-5.29,-0.82
1350,-8.67,-5.26,-0.87
1350,-8.79,-5.27,-0.99
1351,-8.93,-5.32,-1.08
1353,-9.11,-5.30,-1.16
1357,-9.23,-5.33,-1.22
1358,-9.34,-5.37,-1.34
1361,-9.40,-5.34,-1.40
1366,-9.45,-5.35,-1.44
1366,-9.49,-5.34,-1.52
1368,-9.45,-5.37,-1.51
1371,-9.45,-5.42,-1.52
1372,-9.48,-5.42,-1.60
1375,-9.52,-5.38,-1.59
1378,-9.45,-5.43,-1.65
1382,-9.42,-5.45,-1.63
1383,-9.40,-5.46,-1.59
1386,-9.28,-5.52,-1.59
1387,-9.17,-5.56,-1.62
1390,-9.16,-5.60,-1.63
1392,-9.09,-5.59,-1.50
1399,-8.97,-5.68,-1.48
1399,-8.90,-5.78,-1.44
1401,-8.76,-5.80,-1.38
1403,-8.72,-5.82,-1.37
1406,-8.68,-5.82,-1.36
1407,-8.58,-5.83,-1.32
1410,-8.47,-5.91,-1.28
1415,-8.49,-5.94,-1.28
1416,-8.49,-5.97,-1.31
1418,-8.43,-6.00,-1.26
1421,-8.41,-5.99,-1.26
1424,-8.42,-5.99,-1.28
1426,-8.38,-6.01,-1.26
1428,-8.40,-6.14,-1.33
1433,-8.48,-6.17,-1.33
1433,-8.46,-6.21,-1.36
1436,-8.46,-6.25,-1.39
1438,-8.45,-6.26,-1.41
1441,-8.52,-6.29,-1.46
1443,-8.54,-6.23,-1.45
1450,-8.57,-6.26,-1.45
1451,-8.56,-6.27,-1.55
1451,-8.57,-6.21,-1.57
1453,-8.61,-6.21,-1.57
1457,-8.62,-6.28,-1.57
1458,-8.62,-6.23,-1.58
1462,-8.67,-6.22,-1.62
1467,-8.63,-6.25,-1.57
1468,-8.55,-6.26,-1.56
1469,-8.57,-6.23,-1.56
1471,-8.63,-6.25,-1.53
1473,-8.57,-6.27,-1.47
1476,-8.54,-6.29,-1.38
1478,-8.58,-6.30,-1.38
1483,-8.56,-6.30,-1.30
1484,-8.56,-6.31,-1.26
1486,-8.50,-6.35,-1.21
1488,-8.47,-6.40,-1.16
1491,-8.46,-6.41,-1.09
1493,-8.44,-6.43,-0.99
1499,-8.42,-6.42,-0.92
1499,-8.38,-6.46,-0.93
1501,-8.31,-6.43,-0.90
1504,-8.28,-6.49,-0.85
1506,-8.29,-6.50,-0.82
1508,-8.26,-6.49,-0.87
1511,-8.26,-6.54,-0.80
1517,-8.21,-6.56,-0.75
1518,-8.14,-6.54,-0.79
1518,-8.13,-6.55,-0.81
1522,-8.05,-6.50,-0.86
1525,-7.99,-6.51,-0.88
1527,-7.93,-6.46,-0.89
1529,-7.87,-6.48,-0.86
1534,-7.85,-6.52,-0.77
1534,-7.84,-6.55,-0.74
1537,-7.84,-6.61,-0.68
1541,-7.80,-6.62,-0.59
1541,-7.79,-6.66,-0.62
1545,-7.71,-6.67,-0.55
1547,-7.68,-6.69,-0.47
1552,-7.68,-6.73,-0.44
1552,-7.63,-6.77,-0.42
1554,-7.60,-6.81,-0.39
1558,-7.56,-6.86,-0.38
1559,-7.51,-6.86,-0.38
1562,-7.48,-6.87,-0.39
1566,-7.47,-6.87,-0.46
1566,-7.39,-6.80,-0.47
1569,-7.33,-6.81,-0.55
1576,-7.33,-6.79,-0.58
1576,-7.27,-6.79,-0.63
1578,-7.24,-6.81,-0.67
1582,-7.14,-6.78,-0.71
1583,-7.16,-6.79,-0.77
1587,-7.16,-6.73,-0.78
1588,-7.13,-6.73,-0.88
1590,-7.10,-6.75,-0.86
1592,-7.14,-6.74,-0.93
1594,-7.20,-6.78,-1.00
1599,-7.22,-6.78,-1.04
1600,-7.25,-6.72,-1.09
1602,-7.28,-6.70,-1.10
1605,-7.26,-6.70,-1.13
1608,-7.32,-6.70,-1.17
1609,-7.30,-6.73,-1.23
1612,-7.32,-6.80,-1.24
1616,-7.39,-6.69,-1.23
1617,-7.36,-6.66,-1.31
1620,-7.36,-6.68,-1.36
1622,-7.39,-6.66,-1.35
1625,-7.44,-6.63,-1.38
1628,-7.46,-6.63,-1.39
1629,-7.46,-6.63,-1.41
1633,-7.48,-6.65,-1.44
1634,-7.50,-6.63,-1.47
1638,-7.54,-6.65,-1.43
1639,-7.56,-6.63,-1.51
1643,-7.56,-6.61,-1.56
1646,-7.58,-6.60,-1.53
1651,-7.54,-6.61,-1.51
1652,-7.52,-6.62,-1.48
1652,-7.44,-6.65,-1.47
1654,-7.43,-6.63,-1.47
1659,-7.49,-6.59,-1.46
1659,-7.46,-6.57,-1.45
1663,-7.42,-6.58,-1.50
1667,-7.34,-6.57,-1.50
1668,-7.31,-6.54,-1.45
1669,-7.33,-6.55,-1.46
1672,-7.31,-6.50,-1.47
1674,-7.31,-6.49,-1.39
1677,-7.32,-6.50,-1.44
1679,-7.30,-6.47,-1.43
1684,-7.32,-6.48,-1.33
1685,-7.36,-6.54,-1.37
1687,-7.38,-6.48,-1.30
1688,-7.39,-6.45,-1.39
1691,-7.39,-6.46,-1.42
1694,-7.42,-6.44,-1.38
1700,-7.41,-6.44,-1.40
1700,-7.52,-6.44,-1.42
1701,-7.59,-6.40,-1.38
1704,-7.58,-6.41,-1.37
1707,-7.58,-6.46,-1.32
1708,-7.58,-6.42,-1.26
1711,-7.59,-6.46,-1.20
1715,-7.54,-6.41,-1.20
1716,-7.52,-6.44,-1.15
1719,-7.52,-6.47,-1.10
1721,-7.48,-6.46,-1.08
1724,-7.48,-6.46,-0.98
1726,-7.45,-6.47,-0.95
1732,-7.42,-6.45,-0.85
1733,-7.41,-6.45,-0.83
1734,-7.37,-6.48,-0.76
1737,-7.34,-6.52,-0.74
1739,-7.28,-6.53,-0.72
1741,-7.27,-6.53,-0.69
1744,-7.27,-6.53,-0.69
1752,-7.29,-6.48,-0.63
1753,-7.26,-6.50,-0.61
1754,-7.22,-6.47,-0.55
1754,-7.22,-6.56,-0.54
1758,-7.19,-6.57,-0.55
1759,-7.20,-6.58,-0.51
1762,-7.26,-6.58,-0.46
1765,-7.25,-6.56,-0.44
1768,-7.36,-6.59,-0.39
1769,-7.36,-6.65,-0.30
1773,-7.43,-6.68,-0.22
1775,-7.50,-6.72,-0.22
1778,-7.56,-6.70,-0.19
1783,-7.61,-6.70,-0.16
1784,-7.67,-6.70,-0.10
1785,-7.75,-6.67,-0.08
1790,-7.82,-6.68,-0.08
1790,-7.86,-6.67,-0.09
1795,-7.96,-6.66,-0.04
1795,-8.02,-6.70,-0.02
1802,-8.07,-6.72,-0.04
1803,-8.12,-6.67,-0.03
1804,-8.20,-6.69,-0.06
1805,-8.19,-6.65,-0.07
1808,-8.21,-6.64,-0.07
1810,-8.23,-6.64,-0.05
1813,-8.27,-6.66,-0.11
1816,-8.26,-6.61,-0.17
1818,-8.24,-6.58,-0.21
1819,-8.21,-6.53,-0.18
1823,-8.20,-6.56,-0.17
1825,-8.20,-6.54,-0.19
1829,-8.16,-6.51,-0.26
1832,-8.09,-6.51,-0.31
1833,-7.99,-6.45,-0.30
1835,-7.97,-6.41,-0.32
1838,-7.88,-6.42,-0.37
1840,-7.81,-6.36,-0.38
1843,-7.76,-6.33,-0.41
1846,-7.74,-6.37,-0.40
1851,-7.61,-6.36,-0.43
1852,-7.55,-6.29,-0.39
1853,-7.48,-6.28,-0.42
1856,-7.40,-6.22,-0.49
1858,-7.33,-6.23,-0.53
1860,-7.28,-6.18,-0.54
1863,-7.22,-6.14,-0.57
1866,-7.15,-6.17,-0.51
1868,-7.09,-6.12,-0.54
1871,-7.05,-6.04,-0.50
1874,-7.02,-6.05,-0.49
1876,-7.03,-5.98,-0.50
1879,-7.04,-5.96,-0.54
1885,-7.01,-5.94,-0.53
1885,-7.00,-5.90,-0.55
1886,-7.01,-5.88,-0.55
1888,-7.11,-5.84,-0.48
1891,-7.06,-5.82,-0.50
1894,-7.01,-5.84,-0.53
1896,-7.06,-5.86,-0.51
1900,-7.08,-5.84,-0.50
1900,-7.03,-5.80,-0.45
1903,-7.01,-5.75,-0.49
1905,-7.05,-5.74,-0.54
1907,-7.04,-5.68,-0.57
1909,-7.03,-5.65,-0.63
1916,-7.00,-5.60,-0.67
1917,-7.02,-5.59,-0.65
1918,-7.06,-5.58,-0.69
1924,-7.01,-5.54,-0.68
1925,-7.04,-5.52,-0.72
1925,-7.01,-5.48,-0.74
1927,-7.03,-5.45,-0.75
1932,-7.00,-5.44,-0.75
1932,-6.99,-5.48,-0.73
1935,-7.05,-5.52,-0.66
1937,-7.07,-5.47,-0.62
1939,-7.06,-5.51,-0.67
1942,-7.11,-5.53,-0.75
1946,-7.12,-5.59,-0.68
1950,-7.09,-5.58,-0.68
1951,-7.13,-5.60,-0.73
1953,-7.15,-5.61,-0.64
1954,-7.19,-5.68,-0.52
1958,-7.20,-5.70,-0.47
1960,-7.16,-5.74,-0.46
1965,-7.25,-5.80,-0.44
1966,-7.26,-5.85,-0.41
1968,-7.31,-5.93,-0.37
1970,-7.31,-6.03,-0.32
1972,-7.35,-6.09,-0.24
1975,-7.39,-6.13,-0.17
1978,-7.39,-6.18,-0.11
1984,-7.47,-6.21,-0.11
1985,-7.49,-6.29,-0.04
1986,-7.53,-6.33,-0.02
1988,-7.52,-6.38,0.05
1990,-7.48,-6.40,-0.00
1993,-7.50,-6.42,0.04
1996,-7.56,-6.48,0.07
