3,-0.12,0.45,-0.04
8,-0.15,0.52,-0.05
13,-0.18,0.59,-0.06
25,-0.20,0.64,-0.08
26,-0.22,0.70,-0.09
28,-0.23,0.75,-0.11
42,-0.24,0.78,-0.13
42,-0.24,0.81,-0.14
45,-0.24,0.83,-0.15
50,-0.23,0.85,-0.16
53,-0.22,0.84,-0.18
58,-0.21,0.80,-0.19
63,-0.21,0.73,-0.20
74,-0.19,0.64,-0.21
75,-0.18,0.56,-0.22
78,-0.18,0.47,-0.23
92,-0.17,0.40,-0.23
92,-0.17,0.35,-0.23
93,-0.17,0.32,-0.22
100,-0.16,0.30,-0.21
104,-0.16,0.30,-0.20
108,-0.16,0.31,-0.19
114,-0.16,0.34,-0.17
123,-0.16,0.36,-0.16
123,-0.16,0.40,-0.14
129,-0.16,0.44,-0.13
138,-0.17,0.49,-0.12
141,-0.17,0.54,-0.11
143,-0.18,0.60,-0.10
149,-0.20,0.65,-0.09
153,-0.23,0.70,-0.09
158,-0.29,0.74,-0.08
163,-0.36,0.77,-0.07
168,-0.44,0.77,-0.06
174,-0.51,0.73,-0.05
178,-0.58,0.66,-0.05
183,-0.63,0.56,-0.04
189,-0.67,0.44,-0.03
194,-0.71,0.32,-0.02
200,-0.74,0.22,-0.01
204,-0.76,0.14,-0.00
210,-0.78,0.10,0.01
214,-0.80,0.10,0.03
219,-0.81,0.12,0.05
224,-0.80,0.18,0.07
229,-0.80,0.27,0.08
234,-0.80,0.39,0.09
238,-0.79,0.53,0.10
243,-0.78,0.70,0.11
250,-0.77,0.88,0.11
253,-0.76,1.08,0.10
258,-0.77,1.29,0.09
273,-0.78,1.51,0.06
273,-0.80,1.76,0.03
274,-0.84,2.03,-0.00
278,-0.89,2.33,-0.04
285,-0.96,2.65,-0.09
289,-1.06,2.96,-0.15
293,-1.15,3.26,-0.22
301,-1.23,3.52,-0.29
303,-1.29,3.72,-0.38
308,-1.32,3.86,-0.46
317,-1.33,3.94,-0.55
319,-1.33,3.97,-0.64
323,-1.32,3.97,-0.73
329,-1.29,3.94,-0.81
335,-1.27,3.90,-0.88
339,-1.24,3.84,-0.93
344,-1.22,3.77,-0.98
354,-1.18,3.71,-1.01
355,-1.14,3.65,-1.04
360,-1.09,3.59,-1.05
366,-1.03,3.54,-1.05
368,-0.95,3.49,-1.04
373,-0.86,3.44,-1.02
379,-0.75,3.39,-0.99
384,-0.62,3.34,-0.96
389,-0.47,3.27,-0.93
394,-0.32,3.20,-0.88
401,-0.16,3.14,-0.83
405,-0.00,3.08,-0.77
410,0.16,3.03,-0.71
418,0.33,2.98,-0.63
420,0.49,2.94,-0.55
424,0.66,2.93,-0.47
430,0.82,2.96,-0.39
437,0.96,3.02,-0.31
448,1.09,3.08,-0.22
449,1.21,3.14,-0.13
450,1.31,3.17,-0.05
455,1.41,3.18,0.03
459,1.49,3.16,0.09
466,1.57,3.11,0.14
469,1.65,3.04,0.17
474,1.71,2.96,0.19
479,1.76,2.88,0.20
484,1.81,2.80,0.19
489,1.85,2.73,0.17
495,1.89,2.68,0.14
502,1.93,2.64,0.10
505,1.96,2.62,0.05
510,1.99,2.61,0.01
520,2.02,2.61,-0.04
522,2.05,2.62,-0.10
525,2.08,2.63,-0.16
530,2.10,2.65,-0.22
535,2.13,2.64,-0.29
540,2.18,2.61,-0.35
544,2.23,2.55,-0.42
550,2.28,2.46,-0.49
554,2.35,2.33,-0.57
559,2.44,2.17,-0.66
567,2.53,2.01,-0.76
570,2.63,1.86,-0.87
575,2.73,1.71,-0.96
580,2.82,1.58,-1.07
587,2.91,1.49,-1.18
590,3.00,1.47,-1.29
595,3.08,1.50,-1.41
602,3.16,1.56,-1.54
605,3.22,1.66,-1.67
611,3.29,1.76,-1.80
618,3.35,1.88,-1.92
620,3.40,2.00,-2.04
625,3.47,2.10,-2.16
630,3.54,2.20,-2.29
637,3.61,2.28,-2.44
640,3.70,2.35,-2.60
645,3.78,2.40,-2.78
652,3.89,2.44,-2.97
655,4.00,2.51,-3.13
660,4.11,2.63,-3.23
668,4.22,2.78,-3.29
675,4.34,2.98,-3.33
676,4.46,3.23,-3.36
684,4.58,3.50,-3.38
685,4.70,3.81,-3.38
690,4.82,4.12,-3.37
695,4.96,4.44,-3.35
701,5.08,4.73,-3.31
705,5.17,4.99,-3.26
710,5.26,5.19,-3.19
720,5.38,5.34,-3.11
721,5.46,5.46,-3.04
725,5.50,5.54,-2.97
731,5.52,5.56,-2.90
739,5.48,5.51,-2.82
740,5.39,5.36,-2.78
745,5.27,5.07,-2.77
752,5.17,4.71,-2.80
757,5.01,4.32,-2.85
760,4.75,3.94,-2.94
768,4.45,3.61,-3.03
770,4.09,3.34,-3.13
775,3.67,3.08,-3.22
785,3.24,2.79,-3.30
786,2.83,2.48,-3.38
790,2.44,2.15,-3.45
797,2.07,1.76,-3.49
802,1.68,1.36,-3.56
805,1.34,1.02,-3.63
810,1.11,0.71,-3.67
817,0.96,0.41,-3.71
820,0.82,0.23,-3.75
826,0.61,0.23,-3.80
835,0.29,0.41,-3.87
836,-0.06,0.75,-3.98
841,-0.43,1.23,-4.15
847,-0.84,1.79,-4.40
852,-1.34,2.38,-4.73
857,-1.97,2.96,-5.18
862,-2.65,3.45,-5.71
870,-3.36,3.80,-6.31
871,-4.11,4.00,-6.90
877,-4.95,4.07,-7.43
884,-5.94,3.97,-7.84
886,-7.03,3.55,-8.10
891,-8.13,2.71,-8.15
897,-9.24,1.52,-7.98
902,-10.38,0.15,-7.54
907,-11.51,-1.27,-6.84
912,-12.62,-2.67,-5.93
920,-13.72,-4.02,-4.82
921,-15.12,-5.05,-3.58
926,-5.94,8.09,-2.72
935,13.68,17.46,-2.32
936,-0.92,6.47,-2.47
941,2.12,1.34,-1.41
946,-1.87,-2.71,-1.75
950,-6.26,-9.28,-2.23
956,-8.42,-11.94,-1.46
961,-10.88,-11.27,-0.71
968,-12.88,-9.97,-0.27
971,-13.82,-8.63,0.07
976,-13.37,-7.27,0.22
986,-12.79,-6.47,0.12
986,-12.76,-8.06,-0.07
993,-12.04,-8.38,0.15
996,-11.21,-8.38,0.46
1001,-10.21,-8.13,0.61
1006,-9.14,-7.35,0.51
1011,-7.99,-6.33,0.15
1017,-6.85,-5.20,-0.24
1022,-5.68,-4.06,-0.64
1026,-4.50,-3.01,-1.01
1035,-3.37,-2.14,-1.43
1037,-2.33,-1.44,-1.89
1042,-1.41,-0.85,-2.30
1046,-0.61,-0.34,-2.68
1052,0.05,0.13,-2.99
1057,0.56,0.55,-3.27
1062,0.91,0.91,-3.46
1070,1.15,1.18,-3.61
1072,1.29,1.36,-3.69
1076,1.34,1.45,-3.71
1089,1.30,1.46,-3.66
1090,1.19,1.40,-3.50
1092,1.02,1.23,-3.24
1096,0.81,0.95,-2.89
1102,0.56,0.55,-2.53
1107,0.31,0.09,-2.16
1112,0.07,-0.34,-1.82
1120,-0.11,-0.58,-1.61
1122,-0.26,-0.72,-1.66
1126,-0.44,-1.00,-1.78
1134,-0.63,-1.23,-1.59
1137,-0.77,-1.30,-1.27
1142,-0.88,-1.32,-1.00
1146,-0.96,-1.31,-0.76
1153,-1.02,-1.26,-0.55
1156,-1.06,-1.20,-0.35
1162,-1.08,-1.14,-0.18
1169,-1.09,-1.06,-0.03
1173,-1.10,-0.97,0.10
1177,-1.10,-0.89,0.21
1182,-1.09,-0.81,0.30
1188,-1.08,-0.74,0.38
1192,-1.07,-0.72,0.44
1198,-1.04,-0.74,0.48
1206,-0.99,-0.79,0.51
1207,-0.95,-0.85,0.53
1213,-0.89,-0.90,0.54
1217,-0.83,-0.93,0.54
1223,-0.75,-0.95,0.54
1227,-0.68,-0.96,0.52
1235,-0.59,-0.95,0.51
1238,-0.49,-0.95,0.49
1243,-0.38,-0.94,0.47
1248,-0.27,-0.91,0.44
1253,-0.16,-0.90,0.43
1258,-0.05,-0.88,0.41
1264,0.05,-0.87,0.38
1270,0.14,-0.86,0.35
1273,0.22,-0.84,0.32
1278,0.28,-0.79,0.28
1287,0.33,-0.72,0.25
1288,0.37,-0.64,0.20
1294,0.39,-0.54,0.15
1299,0.40,-0.45,0.10
1303,0.42,-0.37,0.03
1308,0.43,-0.32,-0.03
1312,0.44,-0.28,-0.11
1319,0.46,-0.28,-0.18
1325,0.48,-0.29,-0.25
1329,0.50,-0.31,-0.32
1335,0.52,-0.34,-0.39
1337,0.55,-0.39,-0.45
1342,0.58,-0.45,-0.51
1347,0.62,-0.51,-0.57
1352,0.66,-0.57,-0.62
1357,0.70,-0.62,-0.67
1363,0.74,-0.65,-0.71
1368,0.77,-0.65,-0.74
1373,0.80,-0.64,-0.78
1378,0.83,-0.60,-0.81
1388,0.85,-0.54,-0.84
1390,0.88,-0.46,-0.86
1392,0.90,-0.37,-0.88
1398,0.92,-0.26,-0.89
1404,0.93,-0.14,-0.90
1408,0.95,-0.03,-0.91
1413,0.96,0.08,-0.91
1420,0.97,0.17,-0.92
1423,0.99,0.24,-0.93
1428,1.01,0.29,-0.94
1436,1.02,0.32,-0.96
1438,1.03,0.33,-0.97
1442,1.05,0.33,-0.98
1447,1.06,0.31,-0.99
1452,1.08,0.28,-1.00
1457,1.10,0.23,-1.01
1463,1.12,0.19,-1.01
1468,1.14,0.14,-1.01
1473,1.16,0.11,-1.01
1478,1.18,0.08,-1.00
1489,1.20,0.05,-0.98
1490,1.23,0.02,-0.96
1496,1.25,-0.01,-0.94
1498,1.28,-0.04,-0.91
1507,1.30,-0.07,-0.88
1510,1.33,-0.09,-0.86
1514,1.35,-0.10,-0.83
1519,1.37,-0.11,-0.82
1524,1.40,-0.13,-0.80
1529,1.43,-0.14,-0.79
1537,1.46,-0.16,-0.78
1540,1.49,-0.16,-0.78
1544,1.51,-0.15,-0.78
1549,1.53,-0.12,-0.78
1554,1.54,-0.08,-0.78
1560,1.55,-0.03,-0.78
1565,1.54,0.02,-0.78
1571,1.54,0.07,-0.77
1574,1.52,0.13,-0.77
1579,1.50,0.19,-0.77
1587,1.48,0.25,-0.76
1589,1.45,0.29,-0.76
1595,1.42,0.34,-0.75
1603,1.37,0.37,-0.73
1605,1.33,0.38,-0.72
1610,1.29,0.39,-0.70
1615,1.25,0.39,-0.68
1622,1.20,0.38,-0.67
1623,1.15,0.37,-0.65
1628,1.11,0.35,-0.63
1635,1.07,0.33,-0.60
1638,1.02,0.30,-0.58
1643,0.99,0.27,-0.55
1653,0.95,0.24,-0.52
1654,0.92,0.22,-0.49
1661,0.88,0.20,-0.47
1664,0.85,0.19,-0.45
1671,0.83,0.18,-0.43
1673,0.81,0.17,-0.41
1678,0.79,0.17,-0.40
1686,0.76,0.18,-0.38
1688,0.73,0.21,-0.36
1693,0.71,0.25,-0.35
1700,0.69,0.30,-0.34
1704,0.66,0.34,-0.33
1709,0.63,0.38,-0.32
1714,0.60,0.42,-0.30
1722,0.58,0.44,-0.28
1724,0.55,0.46,-0.26
1731,0.52,0.46,-0.24
1736,0.50,0.47,-0.21
1740,0.48,0.48,-0.18
1745,0.45,0.50,-0.14
1754,0.42,0.51,-0.09
1757,0.38,0.53,-0.05
1760,0.34,0.54,-0.01
1764,0.30,0.54,0.04
1769,0.25,0.52,0.08
1775,0.20,0.50,0.13
1780,0.16,0.46,0.17
1784,0.10,0.40,0.21
1790,0.05,0.34,0.24
1795,-0.00,0.25,0.27
1800,-0.05,0.15,0.30
1805,-0.10,0.03,0.32
1811,-0.14,-0.09,0.34
1816,-0.18,-0.22,0.36
1822,-0.21,-0.35,0.36
1825,-0.25,-0.47,0.37
1830,-0.27,-0.59,0.37
1836,-0.30,-0.70,0.37
1841,-0.32,-0.80,0.37
1845,-0.34,-0.89,0.37
1853,-0.34,-0.96,0.37
1856,-0.36,-1.02,0.37
1860,-0.37,-1.06,0.37
1868,-0.38,-1.08,0.37
1870,-0.38,-1.10,0.36
1874,-0.38,-1.11,0.36
1879,-0.37,-1.11,0.37
1886,-0.37,-1.10,0.37
1889,-0.37,-1.09,0.37
1894,-0.37,-1.07,0.38
1902,-0.37,-1.06,0.39
1904,-0.37,-1.06,0.41
1909,-0.36,-1.07,0.42
1918,-0.37,-1.08,0.43
1920,-0.36,-1.10,0.45
1924,-0.37,-1.12,0.47
1929,-0.38,-1.15,0.50
1935,-0.40,-1.17,0.52
1940,-0.42,-1.20,0.54
1946,-0.44,-1.22,0.56
1951,-0.47,-1.25,0.58
1955,-0.50,-1.28,0.59
1961,-0.53,-1.30,0.61
1965,-0.56,-1.31,0.63
1971,-0.59,-1.32,0.65
1977,-0.63,-1.33,0.67
1980,-0.66,-1.34,0.68
1991,-0.68,-1.36,0.71
1992,-0.71,-1.38,0.73
1996,-0.74,-1.40,0.76
