0,8.46,3.96,2.84
1,8.51,3.95,2.83
4,8.51,3.96,2.81
6,8.53,3.97,2.88
7,8.56,3.98,2.83
11,8.57,3.97,2.84
11,8.57,4.00,2.87
15,8.63,3.94,2.93
17,8.59,3.94,2.90
20,8.62,3.97,2.95
22,8.60,3.97,2.91
28,8.61,3.96,2.94
29,8.67,3.93,2.84
30,8.71,3.94,2.86
33,8.69,3.89,2.91
34,8.68,3.89,2.87
37,8.69,3.91,2.85
40,8.69,3.96,2.92
45,8.70,3.94,2.86
45,8.67,3.98,2.88
47,8.66,3.99,2.80
51,8.65,4.03,2.81
52,8.56,4.01,2.80
57,8.56,3.99,2.79
57,8.56,4.04,2.79
62,8.46,4.01,2.76
62,8.51,4.01,2.71
66,8.51,4.02,2.69
69,8.45,4.03,2.74
70,8.40,4.04,2.76
73,8.34,4.09,2.70
78,8.37,4.11,2.64
79,8.27,4.08,2.70
80,8.28,4.05,2.73
83,8.22,4.04,2.66
86,8.20,3.98,2.73
88,8.20,4.00,2.69
90,8.19,4.02,2.74
99,8.18,4.00,2.74
99,8.21,4.03,2.78
99,8.14,4.03,2.83
100,8.20,4.07,2.82
105,8.18,4.05,2.79
106,8.17,4.04,2.80
108,8.19,4.06,2.77
115,8.21,4.04,2.71
115,8.19,4.02,2.71
116,8.20,3.98,2.69
118,8.20,4.02,2.66
120,8.24,4.04,2.52
123,8.30,3.99,2.53
125,8.31,3.96,2.52
133,8.28,3.90,2.56
134,8.37,3.89,2.35
134,8.42,3.86,2.36
136,8.44,3.90,2.40
138,8.44,3.91,2.37
141,8.47,3.94,2.39
145,8.42,4.00,2.40
146,8.46,3.98,2.34
148,8.44,3.98,2.26
151,8.46,3.96,2.29
153,8.54,3.92,2.16
156,8.51,3.90,2.18
157,8.49,3.86,2.14
161,8.53,3.85,2.20
162,8.49,3.86,2.21
165,8.47,3.91,2.21
168,8.44,3.94,2.25
171,8.44,3.93,2.21
173,8.37,3.94,2.24
175,8.35,3.94,2.28
181,8.38,3.92,2.29
181,8.30,3.90,2.28
183,8.25,3.86,2.32
186,8.31,3.92,2.33
188,8.24,3.91,2.40
191,8.22,3.95,2.37
194,8.20,3.95,2.37
195,8.17,4.01,2.42
198,8.16,4.04,2.37
201,8.17,4.03,2.30
203,8.13,4.00,2.30
206,8.14,4.04,2.25
208,8.06,4.09,2.22
212,8.05,4.08,2.20
213,8.09,4.13,2.13
216,8.11,4.17,2.11
218,8.05,4.17,2.04
221,8.03,4.21,1.99
224,8.06,4.20,1.97
229,8.08,4.15,1.93
229,8.07,4.22,1.88
232,8.03,4.23,1.87
234,8.04,4.13,1.78
236,8.08,4.09,1.72
238,8.11,4.04,1.75
241,8.10,4.06,1.72
244,8.08,4.11,1.73
246,8.03,4.14,1.69
248,8.12,4.15,1.72
251,8.15,4.14,1.65
253,8.15,4.20,1.69
256,8.17,4.22,1.58
258,8.17,4.29,1.51
266,8.13,4.27,1.47
266,8.13,4.20,1.42
267,8.18,4.19,1.37
269,8.17,4.14,1.17
271,8.18,4.10,1.13
273,8.19,4.02,0.98
275,8.19,3.95,0.89
281,8.21,3.92,0.85
282,8.23,3.81,0.75
284,8.22,3.71,0.70
287,8.20,3.66,0.70
288,8.25,3.76,0.66
291,8.25,3.81,0.58
296,8.24,3.80,0.50
296,8.23,3.76,0.42
298,8.22,3.70,0.37
301,8.24,3.68,0.35
303,8.25,3.63,0.30
306,8.28,3.60,0.27
309,8.27,3.63,0.24
318,8.23,3.72,0.27
318,8.23,3.81,0.26
318,8.22,3.87,0.28
319,8.13,3.93,0.22
322,8.10,3.97,0.02
323,7.91,4.13,0.03
329,7.75,4.12,0.01
329,7.66,4.10,-0.07
332,7.54,4.15,-0.22
332,7.39,4.18,-0.21
336,7.17,4.22,-0.21
338,6.99,4.39,-0.32
341,6.76,4.48,-0.27
345,6.57,4.56,-0.34
346,6.40,4.49,-0.51
348,6.19,4.47,-0.42
351,5.93,4.37,-0.31
353,5.72,4.38,-0.29
356,5.58,4.36,-0.32
358,5.36,4.41,-0.06
362,5.26,4.24,-0.21
363,5.12,4.02,-0.32
367,4.93,4.14,-0.14
369,4.78,3.66,-0.03
371,4.63,3.61,-0.06
373,4.54,3.67,-0.32
379,4.44,3.20,-0.13
379,4.45,2.83,-0.15
382,4.52,2.74,-0.46
384,4.41,3.21,-0.34
388,4.32,3.61,-0.10
389,4.25,3.86,-0.35
392,4.17,4.07,-0.69
396,4.19,3.43,-0.37
396,4.20,2.79,0.04
399,4.23,3.08,-0.04
402,4.21,3.21,0.15
404,4.49,3.83,-0.37
407,4.47,3.97,-1.72
415,4.28,3.40,-0.82
416,4.06,3.01,-0.52
416,3.88,2.92,-2.12
417,3.81,2.56,-1.69
418,3.69,2.26,-1.66
421,3.51,1.69,-2.88
423,3.38,1.15,-2.76
427,3.33,1.18,-2.66
428,3.28,1.02,-3.17
431,3.24,0.59,-3.02
433,3.18,0.07,-2.80
436,3.06,-0.27,-2.97
438,2.97,-0.67,-2.77
441,2.92,-1.18,-2.59
446,2.72,-1.63,-2.92
447,2.72,-1.56,-2.91
448,2.75,-1.71,-2.68
451,2.92,-1.77,-2.97
453,3.04,-1.84,-2.94
456,3.13,-1.79,-2.83
463,3.35,-1.76,-3.21
463,3.38,-1.76,-3.27
464,3.43,-1.66,-3.44
467,3.67,-1.30,-4.01
468,3.75,-1.13,-4.55
471,3.75,-1.04,-4.89
474,3.81,-0.84,-5.10
479,3.85,-0.66,-5.58
480,3.84,-0.61,-6.15
481,3.74,-0.69,-6.47
483,3.72,-0.84,-7.01
487,3.61,-1.10,-7.32
488,3.47,-1.37,-7.79
491,3.38,-1.51,-8.41
496,3.26,-1.66,-8.90
497,3.12,-1.80,-9.26
498,3.11,-1.80,-9.88
501,3.07,-1.82,-10.30
504,3.09,-1.92,-10.79
506,3.14,-1.99,-11.32
513,3.16,-2.00,-11.79
513,3.22,-2.07,-12.33
514,3.30,-2.11,-12.70
517,3.41,-2.13,-12.92
518,3.54,-2.10,-13.17
522,3.65,-2.00,-13.40
523,3.72,-1.93,-13.60
529,3.31,-2.04,-13.54
530,3.37,-1.70,-13.24
531,4.00,-1.07,-14.01
534,4.13,-1.23,-15.08
537,3.88,-1.55,-14.23
538,3.58,-1.47,-13.57
541,3.59,-1.26,-14.14
546,3.64,-1.37,-13.76
547,3.57,-1.50,-13.23
551,3.35,-1.42,-13.20
553,3.08,-1.26,-13.02
554,2.93,-1.12,-12.72
557,2.82,-0.99,-12.54
563,2.65,-0.90,-12.36
564,2.47,-0.86,-12.28
564,2.28,-0.75,-12.25
571,2.06,-0.69,-12.29
571,1.79,-0.65,-12.25
572,1.55,-0.52,-12.29
574,1.29,-0.46,-12.22
579,1.01,-0.38,-12.28
579,0.72,-0.38,-12.38
581,0.49,-0.44,-12.48
583,0.25,-0.48,-12.61
587,0.14,-0.47,-12.70
589,0.26,-0.12,-12.73
592,0.21,0.25,-12.81
596,0.04,0.52,-12.79
597,-0.05,0.76,-12.87
599,0.01,0.84,-13.14
602,-0.01,0.83,-13.35
604,0.01,0.76,-13.44
607,0.06,0.77,-13.59
613,0.04,0.82,-13.76
613,0.01,0.92,-13.75
614,-0.02,0.92,-13.83
618,0.04,0.85,-13.91
619,0.18,0.85,-13.88
622,0.32,0.93,-14.01
624,0.25,1.07,-14.11
629,0.29,1.26,-14.20
630,0.36,1.33,-14.34
632,0.34,1.35,-14.31
634,0.33,1.39,-14.34
637,0.33,1.35,-14.40
639,0.39,1.36,-14.36
647,0.38,1.40,-14.39
647,0.31,1.39,-14.46
648,0.24,1.34,-14.43
649,0.20,1.31,-14.40
652,0.19,1.29,-14.48
654,0.10,1.26,-14.44
657,0.02,1.28,-14.45
663,-0.03,1.26,-14.45
663,-0.08,1.17,-14.53
664,-0.09,1.14,-14.55
668,-0.16,1.16,-14.46
669,-0.15,1.15,-14.40
672,-0.12,1.16,-14.32
674,-0.04,1.29,-14.23
679,-0.00,1.40,-14.09
680,0.10,1.44,-13.91
682,0.12,1.49,-13.75
684,0.09,1.43,-13.64
688,0.03,1.43,-13.60
689,0.01,1.42,-13.41
695,-0.04,1.38,-13.27
695,-0.18,1.35,-13.06
697,-0.18,1.33,-12.92
699,-0.20,1.35,-12.76
702,-0.41,1.33,-12.71
704,-0.62,1.25,-12.50
708,-0.84,1.20,-12.37
713,-1.11,1.07,-12.24
713,-1.40,1.00,-12.09
714,-1.62,0.96,-11.91
718,-1.84,0.85,-11.72
719,-2.16,0.75,-11.65
722,-2.40,0.62,-11.51
724,-2.55,0.54,-11.38
729,-2.80,0.43,-11.43
730,-3.03,0.30,-11.43
733,-3.24,0.25,-11.40
734,-3.48,0.25,-11.33
738,-3.71,0.27,-11.26
739,-3.81,0.27,-11.13
746,-3.87,0.28,-11.03
747,-3.93,0.25,-10.80
748,-3.96,0.23,-10.65
750,-4.01,0.13,-10.55
753,-4.10,-0.14,-10.38
755,-4.09,-0.30,-10.26
758,-3.98,-0.35,-10.09
763,-3.88,-0.49,-9.77
764,-3.80,-0.59,-9.59
764,-3.62,-0.55,-9.44
769,-3.43,-0.49,-9.20
769,-3.30,-0.57,-9.06
773,-3.15,-0.56,-8.90
775,-3.06,-0.50,-8.76
780,-2.94,-0.47,-8.61
780,-2.85,-0.35,-8.42
784,-2.70,-0.32,-8.24
784,-2.52,-0.27,-8.18
789,-2.45,-0.21,-8.12
790,-2.41,-0.19,-7.96
792,-2.34,-0.10,-7.84
796,-2.31,-0.05,-7.77
798,-2.32,-0.04,-7.68
800,-2.29,-0.13,-7.56
803,-2.22,-0.23,-7.42
806,-2.23,-0.22,-7.30
808,-2.26,-0.25,-7.23
812,-2.18,-0.19,-7.10
813,-2.08,-0.07,-7.04
815,-1.93,0.07,-6.90
819,-1.86,0.26,-6.75
820,-1.89,0.21,-6.62
823,-1.88,0.41,-6.57
826,-1.93,0.54,-6.51
830,-1.89,0.46,-6.41
830,-1.85,0.48,-6.42
835,-1.87,0.54,-6.27
835,-1.81,0.71,-6.19
839,-1.70,0.43,-6.31
840,-1.64,0.63,-6.13
843,-1.76,0.36,-6.00
849,-1.80,-0.22,-5.99
850,-1.72,-0.00,-5.91
850,-1.84,0.26,-5.94
854,-1.94,-0.37,-5.96
855,-1.97,-0.50,-6.00
859,-2.10,-0.73,-6.05
865,-2.21,-0.64,-6.04
868,-2.32,-1.49,-6.17
868,-2.28,-1.81,-6.24
869,-2.49,-2.19,-6.32
870,-2.49,-2.24,-6.27
873,-2.62,-2.15,-6.36
875,-2.61,-2.93,-6.47
879,-2.45,-2.90,-6.44
879,-2.52,-2.15,-6.42
884,-2.69,-2.37,-6.49
885,-2.62,-3.08,-6.51
888,-2.43,-2.96,-6.73
890,-2.46,-2.70,-6.78
893,-2.54,-2.69,-6.69
896,-2.62,-2.46,-6.91
898,-2.64,-2.04,-7.09
902,-2.63,-1.57,-7.27
904,-2.70,-1.23,-7.47
906,-2.78,-0.93,-7.64
909,-2.89,-0.79,-7.83
912,-3.04,-0.85,-8.01
913,-3.16,-0.96,-8.26
917,-3.28,-1.15,-8.52
919,-3.35,-1.33,-8.83
921,-3.45,-1.37,-9.12
924,-3.52,-1.36,-9.42
926,-3.58,-1.37,-9.62
930,-3.69,-1.20,-9.93
930,-3.75,-1.10,-10.21
934,-3.82,-1.06,-10.49
936,-3.94,-1.00,-10.79
939,-4.05,-0.96,-11.08
941,-4.06,-1.01,-11.37
947,-4.12,-1.04,-11.61
948,-4.17,-0.96,-11.85
949,-4.19,-0.84,-12.11
951,-4.26,-0.66,-12.34
954,-4.37,-0.52,-12.65
957,-4.45,-0.37,-12.95
959,-4.52,-0.55,-13.24
965,-4.55,-1.12,-13.48
966,-4.61,-1.14,-13.79
967,-4.73,-0.92,-14.19
970,-4.72,-0.54,-14.43
971,-4.74,-0.10,-14.57
974,-4.70,0.32,-14.76
976,-4.76,0.75,-15.01
982,-4.71,0.97,-15.14
982,-4.81,1.02,-15.30
984,-4.92,0.97,-15.53
986,-4.95,0.87,-15.72
990,-5.05,0.83,-15.90
990,-5.05,0.85,-15.93
998,-5.05,0.84,-15.97
999,-4.98,0.83,-16.07
999,-4.92,0.90,-16.11
1000,-4.82,1.02,-16.03
1003,-4.75,1.08,-15.95
1005,-4.62,1.13,-15.80
1008,-4.53,1.23,-15.69
1012,-4.41,1.28,-15.58
1015,-4.28,1.32,-15.44
1015,-4.19,1.35,-15.35
1018,-4.08,1.37,-15.20
1020,-3.99,1.46,-14.99
1023,-3.83,1.55,-14.92
1025,-3.73,1.67,-14.85
1029,-3.60,1.81,-14.69
1030,-3.48,1.92,-14.60
1034,-3.39,1.97,-14.46
1035,-3.35,2.02,-14.35
1038,-3.28,2.12,-14.26
1040,-3.22,2.20,-14.15
1045,-3.22,2.28,-14.06
1046,-3.24,2.40,-14.05
1049,-3.25,2.49,-14.03
1050,-3.24,2.55,-14.02
1053,-3.28,2.60,-14.06
1056,-3.37,2.62,-14.05
1058,-3.38,2.62,-14.05
1063,-3.48,2.58,-14.09
1065,-3.46,2.53,-14.12
1065,-3.50,2.54,-14.20
1070,-3.55,2.51,-14.27
1071,-3.55,2.48,-14.28
1073,-3.60,2.47,-14.33
1080,-3.65,2.45,-14.39
1080,-3.63,2.47,-14.53
1081,-3.72,2.45,-14.53
1084,-3.76,2.43,-14.62
1086,-3.81,2.37,-14.72
1089,-3.81,2.34,-14.84
1090,-3.87,2.32,-15.00
1096,-3.90,2.29,-15.08
1098,-3.91,2.19,-15.13
1099,-3.91,2.12,-15.18
1100,-3.92,2.08,-15.18
1104,-3.92,1.99,-15.24
1106,-3.89,1.92,-15.22
1109,-3.85,1.89,-15.11
1114,-3.77,1.83,-15.04
1115,-3.75,1.81,-15.00
1115,-3.65,1.76,-14.85
1119,-3.58,1.74,-14.71
1120,-3.49,1.74,-14.55
1124,-3.50,1.66,-14.35
1130,-3.40,1.61,-14.13
1131,-3.35,1.64,-13.95
1132,-3.31,1.62,-13.72
1133,-3.23,1.62,-13.54
1136,-3.15,1.55,-13.28
1138,-3.08,1.51,-12.98
1141,-3.03,1.46,-12.80
1146,-3.01,1.40,-12.54
1146,-2.93,1.36,-12.26
1149,-2.91,1.36,-12.11
1151,-2.88,1.40,-11.97
1154,-2.93,1.36,-11.82
1156,-2.91,1.33,-11.57
1159,-2.95,1.23,-11.35
1163,-2.97,1.13,-11.23
1164,-2.97,1.10,-10.95
1166,-2.92,1.05,-10.68
1169,-2.91,0.98,-10.41
1171,-2.90,0.99,-10.22
1174,-2.83,0.95,-9.88
1180,-2.72,1.01,-9.59
1181,-2.61,1.07,-9.30
1182,-2.44,1.11,-8.94
1184,-2.32,1.13,-8.59
1187,-2.23,1.17,-8.26
1190,-2.13,1.14,-7.93
1191,-1.97,1.21,-7.56
1197,-1.86,1.21,-7.24
1197,-1.80,1.22,-7.03
1199,-1.78,1.28,-6.79
1201,-1.72,1.26,-6.63
1204,-1.65,1.25,-6.44
1206,-1.63,1.20,-6.32
1210,-1.59,1.15,-6.22
1217,-1.53,1.07,-6.01
1218,-1.48,0.99,-5.86
1219,-1.42,0.99,-5.81
1223,-1.40,1.06,-5.68
1223,-1.33,1.03,-5.68
1224,-1.29,1.04,-5.71
1229,-1.25,1.06,-5.67
1230,-1.23,1.08,-5.66
1236,-1.23,1.09,-5.65
1237,-1.21,1.02,-5.69
1238,-1.17,0.93,-5.68
1239,-1.21,0.91,-5.58
1241,-1.18,0.96,-5.63
1248,-1.31,1.82,-5.68
1248,-1.43,1.70,-6.09
1252,-1.58,0.48,-6.16
1253,-1.69,-0.06,-5.72
1255,-1.81,-0.19,-5.92
1257,-1.86,-0.22,-5.66
1263,-1.76,-0.07,-5.14
1263,-1.58,0.24,-5.02
1264,-1.33,0.61,-4.92
1268,-1.15,0.81,-4.88
1270,-1.06,0.87,-4.81
1273,-0.94,0.79,-4.80
1275,-0.89,0.62,-4.73
1281,-0.96,0.42,-4.52
1282,-1.01,0.22,-4.50
1282,-1.08,0.04,-4.56
1286,-1.20,-0.09,-4.73
1287,-1.25,-0.10,-4.98
1291,-1.38,-0.02,-5.32
1292,-1.46,0.04,-5.58
1296,-1.52,0.07,-5.87
1297,-1.60,0.07,-6.19
1301,-1.66,0.00,-6.39
1303,-1.69,-0.08,-6.65
1305,-1.71,-0.21,-6.81
1308,-1.72,-0.26,-6.98
1310,-1.66,-0.36,-7.12
1317,-1.56,-0.39,-7.30
1317,-1.48,-0.40,-7.40
1318,-1.31,-0.39,-7.48
1320,-1.11,-0.30,-7.62
1323,-0.88,-0.27,-7.63
1326,-0.66,-0.26,-7.66
1329,-0.42,-0.19,-7.74
1330,-0.11,-0.20,-7.73
1332,0.19,-0.27,-7.69
1335,0.42,-0.24,-7.60
1338,0.67,-0.21,-7.51
1340,0.94,-0.23,-7.45
1342,1.28,-0.24,-7.36
1346,1.57,-0.19,-7.24
1347,1.71,-0.17,-7.12
1350,1.94,-0.21,-6.94
1353,2.17,-0.23,-6.80
1355,2.26,-0.28,-6.78
1358,2.21,-0.42,-6.72
1360,2.11,-0.41,-6.92
1364,1.93,-0.30,-7.15
1365,1.78,-0.19,-7.34
1367,1.62,-0.16,-7.58
1371,1.41,-0.27,-7.85
1373,1.18,-0.39,-8.06
1375,0.97,-0.61,-8.18
1379,0.78,-0.71,-8.32
1381,0.64,-0.77,-8.42
1382,0.48,-0.75,-8.56
1385,0.39,-0.74,-8.68
1387,0.29,-0.75,-8.85
1390,0.18,-0.77,-8.98
1393,0.02,-0.76,-9.15
1398,-0.10,-0.73,-9.24
1398,-0.19,-0.67,-9.30
1400,-0.24,-0.61,-9.34
1402,-0.25,-0.53,-9.40
1405,-0.28,-0.58,-9.37
1407,-0.30,-0.60,-9.35
1412,-0.37,-0.69,-9.21
1413,-0.35,-0.74,-9.17
1415,-0.44,-0.83,-9.11
1417,-0.53,-0.88,-8.96
1419,-0.55,-0.87,-8.96
1422,-0.57,-0.84,-8.90
1425,-0.65,-0.83,-8.79
1432,-0.71,-0.89,-8.67
1433,-0.67,-0.90,-8.62
1437,-0.71,-0.93,-8.51
1438,-0.79,-0.98,-8.47
1438,-0.86,-1.01,-8.62
1440,-0.95,-1.02,-8.69
1442,-1.00,-1.05,-8.83
1447,-1.15,-1.09,-9.03
1448,-1.19,-1.11,-9.28
1450,-1.17,-1.14,-9.47
1452,-1.17,-1.19,-9.63
1455,-1.14,-1.20,-9.80
1457,-1.03,-1.20,-9.92
1464,-0.96,-1.21,-10.07
1464,-0.81,-1.24,-10.20
1465,-0.71,-1.24,-10.42
1467,-0.58,-1.25,-10.53
1470,-0.37,-1.21,-10.80
1473,-0.13,-1.17,-10.95
1475,0.03,-1.14,-11.17
1481,0.26,-1.08,-11.40
1482,0.48,-1.06,-11.54
1482,0.64,-1.01,-11.66
1485,0.89,-0.91,-11.75
1488,1.09,-0.85,-11.84
1490,1.20,-0.88,-11.98
1498,1.35,-0.80,-11.94
1499,1.48,-0.70,-11.96
1500,1.53,-0.70,-11.88
1501,1.54,-0.69,-11.86
1503,1.54,-0.62,-11.84
1506,1.53,-0.62,-11.76
1507,1.49,-0.56,-11.70
1514,1.36,-0.54,-11.59
1515,1.19,-0.53,-11.66
1517,1.00,-0.55,-11.81
1517,0.75,-0.60,-11.87
1521,0.51,-0.65,-12.10
1522,0.32,-0.70,-12.21
1527,0.18,-0.71,-12.34
1528,0.03,-0.76,-12.48
1539,-0.05,-0.78,-12.47
1540,-0.10,-0.73,-12.52
1540,-0.22,-0.65,-12.56
1542,-0.20,-0.62,-12.51
1542,-0.24,-0.63,-12.39
1543,-0.33,-0.68,-12.31
1547,-0.32,-0.75,-12.22
1548,-0.30,-0.80,-12.14
1554,-0.37,-0.80,-12.12
1554,-0.25,-0.74,-12.08
1557,-0.25,-0.71,-12.00
1559,-0.21,-0.68,-11.97
1563,-0.17,-0.63,-11.82
1563,-0.14,-0.60,-11.64
1565,-0.09,-0.51,-11.48
1568,-0.06,-0.54,-11.30
1571,-0.09,-0.46,-11.13
1574,-0.09,-0.39,-11.00
1576,-0.08,-0.34,-10.83
1580,-0.13,-0.30,-10.67
1581,-0.19,-0.23,-10.52
1583,-0.22,-0.21,-10.38
1586,-0.26,-0.19,-10.19
1589,-0.37,-0.15,-10.02
1591,-0.40,-0.09,-9.85
1593,-0.50,-0.10,-9.64
1597,-0.58,-0.04,-9.46
1599,-0.75,0.06,-9.30
1602,-0.95,0.19,-9.25
1602,-1.09,-0.13,-9.17
1606,-1.26,-0.12,-9.32
1609,-1.41,-0.16,-9.53
1615,-1.52,-0.18,-9.40
1616,-1.60,-0.15,-9.61
1617,-1.65,-0.16,-9.71
1618,-1.69,-0.14,-9.79
1621,-1.63,0.00,-9.99
1624,-1.63,0.08,-10.20
1627,-1.54,0.10,-10.39
1633,-1.52,0.06,-10.58
1633,-1.49,0.03,-10.71
1634,-1.36,0.06,-10.80
1637,-1.34,0.14,-10.92
1639,-1.26,0.20,-11.03
1641,-1.22,0.21,-11.13
1643,-1.20,0.23,-11.15
1647,-1.17,0.26,-11.25
1649,-1.12,0.29,-11.23
1652,-1.08,0.28,-11.29
1654,-1.06,0.28,-11.28
1657,-1.07,0.25,-11.23
1658,-1.06,0.24,-11.19
1663,-1.10,0.29,-11.25
1664,-1.12,0.27,-11.30
1666,-1.17,0.25,-11.30
1669,-1.22,0.30,-11.45
1671,-1.26,0.33,-11.66
1674,-1.35,0.32,-11.81
1677,-1.44,0.38,-11.87
1681,-1.43,0.39,-12.07
1682,-1.47,0.42,-12.24
1683,-1.55,0.42,-12.30
1685,-1.62,0.44,-12.41
1688,-1.64,0.45,-12.54
1691,-1.65,0.44,-12.72
1696,-1.73,0.46,-12.90
1697,-1.77,0.48,-13.14
1698,-1.86,0.50,-13.35
1701,-1.96,0.47,-13.55
1703,-2.01,0.45,-13.69
1706,-1.98,0.37,-13.81
1708,-1.97,0.33,-13.96
1714,-1.98,0.30,-14.08
1714,-1.98,0.31,-14.15
1716,-2.03,0.34,-14.23
1718,-2.02,0.28,-14.29
1721,-2.10,0.22,-14.39
1723,-2.11,0.16,-14.47
1726,-2.21,0.13,-14.62
1732,-2.28,0.05,-14.61
1732,-2.35,0.03,-14.70
1733,-2.45,-0.05,-14.67
1736,-2.48,-0.05,-14.72
1738,-2.53,-0.13,-14.75
1741,-2.55,-0.19,-14.78
1746,-2.63,-0.23,-14.85
1746,-2.67,-0.26,-14.91
1748,-2.69,-0.32,-15.01
1751,-2.64,-0.38,-15.20
1753,-2.61,-0.46,-15.26
1756,-2.50,-0.50,-15.42
1758,-2.42,-0.52,-15.61
1763,-2.30,-0.54,-15.76
1764,-2.09,-0.50,-15.96
1766,-1.93,-0.47,-16.18
1768,-1.78,-0.50,-16.40
1771,-1.65,-0.48,-16.64
1773,-1.45,-0.46,-16.95
1776,-1.34,-0.41,-17.21
1778,-1.25,-0.42,-17.54
1787,-1.16,-0.43,-17.83
1788,-1.08,-0.42,-18.02
1789,-1.02,-0.40,-18.24
1790,-1.03,-0.36,-18.44
1791,-1.09,-0.39,-18.56
1797,-1.11,-0.42,-18.73
1798,-1.22,-0.49,-18.87
1798,-1.41,-0.52,-18.99
1802,-1.49,-0.59,-19.09
1804,-1.59,-0.63,-19.17
1807,-1.77,-0.58,-19.16
1809,-1.92,-0.60,-19.21
1813,-2.11,-0.69,-19.16
1815,-2.33,-0.71,-19.12
1816,-2.55,-0.83,-19.08
1819,-2.74,-0.95,-19.04
1822,-2.88,-1.04,-19.05
1824,-2.94,-1.13,-19.01
1827,-2.98,-1.12,-18.97
1832,-2.90,-1.10,-18.97
1832,-2.83,-1.05,-18.91
1835,-2.62,-1.02,-18.85
1838,-2.41,-1.01,-18.83
1840,-2.12,-0.94,-18.78
1842,-1.87,-0.90,-18.72
1846,-1.63,-0.91,-18.64
1846,-1.33,-0.86,-18.58
1849,-1.11,-0.89,-18.50
1853,-0.86,-0.88,-18.43
1856,-0.70,-0.82,-18.30
1857,-0.49,-0.75,-18.18
1859,-0.23,-0.61,-18.13
1863,-0.08,-0.57,-18.10
1864,0.08,-0.58,-18.06
1866,0.26,-0.55,-18.00
1870,0.33,-0.53,-17.95
1872,0.38,-0.45,-17.94
1875,0.32,-0.37,-17.92
1877,0.20,-0.40,-17.98
1881,0.01,-0.50,-18.04
1885,-0.20,-0.70,-18.16
1885,-0.43,-0.91,-18.32
1888,-0.71,-1.09,-18.48
1889,-0.98,-1.24,-18.57
1892,-1.18,-1.26,-18.63
1896,-1.39,-1.28,-18.73
1897,-1.52,-1.34,-18.82
1899,-1.66,-1.52,-18.96
1903,-1.80,-1.65,-19.10
1904,-1.82,-1.90,-19.32
1909,-1.82,-2.03,-19.49
1909,-1.81,-2.11,-19.70
1913,-1.76,-2.16,-19.76
1915,-1.64,-2.30,-19.72
1917,-1.51,-2.44,-19.73
1918,-1.38,-2.47,-19.66
1922,-1.25,-2.54,-19.70
1923,-1.12,-2.66,-19.85
1932,-1.01,-2.86,-19.98
1932,-0.82,-3.16,-20.18
1933,-0.54,-3.30,-20.44
1934,-0.20,-3.36,-20.53
1937,0.03,-3.37,-20.60
1939,0.27,-3.16,-20.65
1942,0.41,-2.96,-20.75
1946,0.41,-2.85,-20.91
1947,0.36,-2.84,-21.23
1949,0.32,-2.90,-21.66
1951,0.20,-2.96,-22.01
1954,0.26,-2.97,-22.34
1957,0.27,-2.87,-22.63
1959,0.31,-2.75,-22.57
1963,0.40,-2.59,-22.30
1964,0.47,-2.46,-22.01
1968,0.43,-2.49,-21.70
1968,0.51,-2.73,-21.31
1972,0.63,-2.95,-20.90
1974,0.97,-3.10,-20.47
1980,1.32,-3.16,-19.79
1981,1.63,-3.15,-18.90
1982,1.83,-3.22,-17.83
1984,2.07,-3.40,-16.53
1987,2.21,-3.51,-15.19
1989,2.32,-3.68,-13.71
1992,2.35,-3.99,-12.24
1997,2.42,-4.27,-10.61
1998,2.46,-4.53,-8.95
1999,2.49,-4.72,-7.30
2002,-11.69,-42.19,48.56
2004,-3.98,-31.52,74.35
2007,-2.09,0.20,4.39
2009,-0.01,-12.45,-76.03
2017,0.59,0.86,-43.92
2018,2.40,4.32,6.72
2019,4.18,-4.11,-8.98
2019,1.83,0.65,-35.44
2022,1.10,7.19,-13.03
2024,1.90,4.89,-13.97
2033,3.85,0.05,-24.49
2034,3.71,-2.27,-17.10
2034,3.94,-2.00,-15.63
2035,4.50,-0.72,-14.66
2037,4.54,-0.25,-11.61
2040,4.22,-1.17,-9.27
2043,3.38,-2.82,-7.03
2047,2.47,-4.33,-5.08
2047,1.27,-4.78,-2.73
2049,0.63,-4.52,-0.71
2054,0.26,-4.70,1.56
2055,-0.01,-5.17,4.12
2059,-0.27,-5.28,5.93
2060,-0.36,-5.24,7.36
2067,-0.47,-5.21,8.42
2067,-0.64,-5.44,9.51
2069,-0.61,-5.45,10.41
2071,-0.65,-5.21,10.93
2073,-0.61,-5.07,11.32
2075,-0.49,-4.98,11.16
2082,-0.20,-4.87,10.98
2083,0.02,-4.72,10.51
2083,0.26,-4.49,9.83
2087,0.72,-4.23,9.30
2089,1.07,-3.94,8.34
2089,1.31,-3.41,7.47
2093,1.98,-3.81,6.09
2097,1.52,-4.50,5.45
2098,1.63,-4.18,4.35
2100,2.23,-4.11,2.94
2103,2.29,-4.03,3.22
2105,2.41,-3.62,2.73
2108,2.37,-3.57,2.00
2111,2.17,-3.75,1.24
2115,1.75,-4.12,0.57
2116,1.37,-4.39,0.20
2119,0.94,-4.55,-0.08
2120,0.55,-4.69,-0.16
2123,0.23,-4.81,-0.35
2126,-0.08,-5.02,-0.41
2130,-0.49,-5.24,-0.50
2131,-0.79,-5.39,-0.62
2133,-0.95,-5.48,-0.51
2136,-1.21,-5.55,-0.57
2138,-1.35,-5.72,-0.55
2140,-1.42,-5.84,-0.78
2143,-1.52,-5.91,-0.95
2147,-1.44,-5.94,-1.05
2149,-1.32,-5.73,-1.23
2150,-1.19,-5.60,-1.35
2154,-1.09,-5.46,-1.62
2165,-1.05,-5.36,-1.79
2165,-1.03,-5.29,-1.97
2166,-1.11,-5.17,-2.13
2167,-1.22,-5.12,-2.40
2169,-1.48,-5.17,-2.79
2170,-1.73,-5.32,-3.02
2170,-2.06,-5.44,-3.44
2172,-2.37,-5.64,-3.75
2176,-2.68,-5.79,-4.03
2182,-3.02,-5.84,-4.35
2183,-3.41,-5.96,-4.57
2183,-3.83,-6.20,-4.89
2185,-4.24,-6.49,-5.31
2187,-4.66,-6.78,-5.71
2190,-5.01,-7.05,-6.25
2192,-5.39,-7.35,-6.78
2197,-5.70,-7.50,-7.24
2198,-5.85,-7.68,-7.76
2199,-5.93,-7.77,-8.26
2202,-5.95,-7.75,-8.67
2205,-5.88,-7.66,-9.30
2208,-5.71,-7.56,-10.02
2216,-5.58,-7.48,-10.63
2219,-5.32,-7.39,-11.32
2221,-5.04,-7.36,-12.03
2222,-4.79,-7.23,-12.67
2225,-4.44,-7.10,-13.37
2225,-4.03,-6.91,-13.99
2226,-3.68,-6.70,-14.61
2230,-3.34,-6.57,-15.17
2230,-3.01,-6.50,-15.71
2234,-2.78,-6.40,-16.37
2235,-2.50,-6.36,-16.97
2238,-2.20,-6.44,-17.48
2241,-1.94,-6.44,-17.89
2243,-1.69,-6.35,-18.34
2246,-1.29,-6.24,-18.71
2248,-1.06,-6.12,-19.03
2251,-0.78,-6.00,-19.34
2254,-0.36,-5.94,-19.70
2255,-0.10,-5.81,-19.97
2259,0.15,-5.69,-20.21
2264,0.54,-5.61,-20.47
2265,0.87,-5.47,-20.60
2265,1.08,-5.33,-20.62
2269,1.45,-5.20,-20.58
2270,1.71,-5.08,-20.49
2275,1.84,-4.97,-20.36
2275,2.04,-5.04,-20.21
2282,2.14,-5.15,-20.17
2283,2.26,-5.29,-20.01
2285,2.44,-5.48,-19.88
2286,2.65,-5.61,-19.73
2290,2.81,-5.62,-19.34
2291,2.96,-5.54,-19.02
2298,3.09,-5.49,-18.54
2299,3.06,-5.45,-18.07
2300,3.07,-5.43,-17.68
2301,3.17,-5.40,-17.31
2304,3.17,-5.40,-17.04
2306,3.16,-5.50,-16.65
2309,3.23,-5.58,-16.38
2314,3.31,-5.59,-16.07
2315,3.52,-5.42,-15.80
2315,3.75,-5.07,-15.61
2320,3.96,-4.60,-15.38
2322,4.19,-4.12,-15.24
2324,4.38,-3.65,-15.09
2326,4.54,-3.19,-15.06
2330,4.48,-2.83,-15.10
2331,4.38,-2.52,-15.26
2335,4.19,-2.26,-15.54
2336,3.93,-1.97,-15.87
2339,3.70,-1.65,-16.33
2341,3.51,-1.17,-16.68
2344,3.15,-0.63,-17.07
2348,2.89,-0.05,-17.49
2349,2.46,0.58,-18.05
2350,1.91,1.04,-18.65
2353,1.40,1.30,-19.28
2355,0.87,1.51,-20.05
2358,0.38,1.60,-20.63
2364,0.10,1.74,-21.34
2365,-0.14,1.96,-22.10
2365,-0.22,2.09,-22.77
2368,-0.17,2.09,-23.39
2370,-0.03,2.06,-23.97
2373,0.14,2.10,-24.56
2375,0.34,2.02,-25.01
2382,0.55,1.85,-25.44
2383,0.73,1.64,-25.89
2384,0.95,1.37,-26.36
2386,1.18,1.13,-26.76
2389,1.34,1.10,-27.00
2391,1.54,1.08,-27.15
2394,1.67,1.02,-27.35
2399,1.64,1.01,-27.38
2400,1.57,1.00,-27.61
2402,1.50,0.92,-27.79
2404,1.23,0.88,-27.94
2405,0.95,0.84,-28.15
2412,0.69,0.85,-28.34
2413,0.33,1.04,-28.63
2418,-0.06,1.23,-28.96
2423,-0.58,1.34,-29.22
2424,-1.10,1.59,-29.57
2425,-1.68,1.96,-30.06
2426,-2.28,2.40,-30.74
2426,-2.82,3.01,-31.40
2430,-3.39,3.79,-32.27
2432,-4.01,4.86,-33.26
2434,-4.79,5.59,-34.18
2437,-5.85,5.58,-34.70
2439,-6.94,4.92,-34.72
2441,-8.31,4.20,-34.38
2444,-9.73,3.49,-33.39
2448,-11.02,2.73,-31.95
2448,-12.23,2.02,-30.39
2452,-13.02,1.48,-28.47
2455,-13.45,1.04,-26.42
2455,-13.61,0.86,-24.62
2460,-13.39,1.05,-22.89
2464,-12.95,1.19,-21.25
2465,-12.39,1.26,-20.01
2466,-11.60,1.40,-19.00
2470,-10.69,1.52,-18.28
2472,-9.61,1.62,-17.40
2475,-8.48,1.41,-15.63
2477,-7.37,1.42,-13.88
2481,-6.16,1.76,-12.83
2482,-4.19,2.97,-0.78
2484,37.98,6.83,76.89
2487,-0.84,-36.77,29.52
2490,-31.32,-44.41,-78.95
2492,-32.45,-65.43,-78.95
2494,-3.26,-44.62,-43.97
2500,6.95,-7.98,-22.99
2501,11.48,-6.12,-46.49
2502,1.06,-2.03,-72.24
2505,3.57,12.19,-77.87
2507,10.99,20.37,-78.95
2510,16.21,27.43,-77.78
2515,18.54,32.21,-68.77
2515,23.32,28.29,-61.83
2516,28.08,18.04,-62.52
2521,26.52,10.61,-63.37
2522,11.88,2.36,-57.76
2525,12.32,-1.18,-47.00
2527,12.07,-3.08,-39.97
2534,11.38,-1.46,-33.24
2534,10.12,-0.13,-25.73
2535,7.60,-1.72,-21.56
2537,8.51,-3.82,-16.76
2540,6.68,-5.18,-10.36
2541,4.95,-5.71,-7.18
2548,3.45,-5.18,-1.47
2549,1.87,-6.51,12.72
2550,1.80,-9.33,25.76
2551,2.72,-10.48,21.03
2554,0.82,-10.96,15.39
2556,-0.05,-6.54,18.41
2558,0.19,-4.60,20.65
2564,0.12,-3.66,21.05
2564,-0.09,-2.74,20.01
2569,-0.45,-2.24,19.86
2570,-0.69,-1.94,17.96
2571,-0.98,-1.69,15.15
2575,-1.08,-1.41,12.59
2578,-1.06,-0.83,9.71
2585,-0.80,-0.05,6.85
2585,-0.60,0.75,3.66
2586,-0.34,1.40,0.70
2587,0.07,1.85,-2.22
2590,0.39,2.29,-5.00
2592,0.76,2.73,-7.08
2597,1.23,3.15,-8.90
2602,1.60,3.51,-10.15
2602,1.77,3.74,-11.33
2603,1.86,3.85,-12.18
2605,1.93,3.75,-12.61
2607,1.87,3.67,-12.80
2610,1.96,3.52,-12.49
2613,2.05,3.48,-11.96
2615,1.99,3.42,-11.14
2617,2.01,3.30,-10.14
2620,1.82,3.08,-9.01
2622,1.41,2.86,-7.51
2625,0.80,2.62,-6.16
2628,0.01,2.43,-4.44
2634,-0.86,2.27,-2.87
2635,-1.79,2.07,-1.43
2637,-2.66,1.85,-0.05
2637,-3.59,1.53,1.14
2640,-4.47,1.15,2.25
2643,-5.45,0.84,3.22
2647,-6.56,0.56,4.33
2648,-7.65,0.43,5.56
2651,-8.49,0.29,6.86
2652,-8.51,0.11,8.01
2656,-9.87,-0.29,9.40
2657,-11.29,-0.80,10.83
2660,-12.01,-1.26,11.66
2664,-12.07,-1.67,12.48
2665,-11.13,-2.04,12.93
2666,-11.46,-2.36,12.83
2670,-11.84,-2.90,13.09
2672,-12.32,-3.88,12.76
2675,-12.04,-3.86,12.08
2678,-11.73,-4.70,11.29
2682,-12.37,-5.98,11.08
2683,-13.00,-7.35,10.15
2685,-13.21,-9.15,8.71
2687,-12.96,-10.97,7.61
2690,-8.91,-11.21,5.77
2692,-7.39,-10.56,3.76
2694,-6.50,-10.36,2.30
2699,-5.06,-10.50,0.73
2700,-3.76,-10.96,-0.99
2703,-2.53,-11.41,-2.94
2705,-1.23,-11.70,-4.90
2707,-0.05,-11.86,-7.00
2710,1.12,-11.97,-8.93
2715,2.14,-12.05,-10.85
2716,3.09,-12.05,-12.71
2717,3.96,-12.09,-14.49
2719,4.61,-12.16,-16.01
2721,5.34,-11.33,-17.47
2725,5.05,-10.79,-18.54
2727,4.71,-11.47,-19.38
2732,6.04,-11.85,-20.09
2733,7.22,-12.60,-21.80
2736,5.79,-13.58,-22.17
2738,5.78,-13.45,-22.13
2740,5.84,-13.18,-22.39
2741,5.56,-12.51,-22.52
2750,5.47,-12.01,-22.31
2751,5.31,-12.02,-21.56
2752,5.07,-12.20,-20.73
2752,4.87,-12.32,-19.72
2758,4.66,-12.30,-18.61
2761,4.54,-12.22,-17.45
2763,4.48,-11.94,-16.33
2763,4.35,-11.55,-15.42
2767,4.29,-11.15,-14.53
2768,4.27,-10.66,-13.88
2770,4.27,-10.10,-13.31
2772,4.31,-9.48,-12.87
2775,4.33,-8.77,-12.49
2778,4.34,-8.09,-12.12
2782,4.28,-7.38,-11.95
2783,4.24,-6.69,-11.92
2785,4.07,-6.09,-11.95
2788,3.78,-5.52,-12.13
2791,3.52,-4.84,-12.42
2792,3.17,-4.14,-12.74
2798,2.75,-3.41,-13.06
2798,2.29,-2.65,-13.49
2800,1.87,-1.93,-13.85
2803,1.49,-1.27,-14.28
2806,1.07,-0.73,-14.83
2809,0.65,-0.23,-15.16
2811,0.24,0.24,-15.53
2815,-0.05,0.66,-15.90
2816,-0.35,1.17,-16.26
2818,-0.59,1.73,-16.77
2821,-0.84,2.24,-17.30
2823,-1.23,2.67,-17.92
2826,-1.43,3.02,-18.59
2828,-1.63,3.34,-19.29
2834,-1.75,3.78,-19.91
2835,-1.72,4.16,-20.70
2837,-1.68,4.65,-21.50
2837,-1.61,5.28,-22.38
2842,-1.52,6.06,-23.31
2842,-1.35,6.77,-24.37
2845,-1.19,7.39,-25.44
2850,-1.00,7.92,-26.53
2851,-0.65,7.69,-27.81
2853,-0.19,7.92,-28.97
2857,-0.01,9.16,-30.09
2859,0.40,10.05,-31.51
2861,1.20,10.34,-32.95
2866,1.78,9.97,-34.01
2867,2.13,9.34,-35.01
2868,2.65,8.78,-36.08
2872,3.34,8.27,-37.23
2873,4.10,7.95,-38.18
2875,4.89,7.70,-38.82
2882,5.70,7.35,-39.31
2882,6.27,6.87,-38.47
2883,7.10,6.71,-40.61
2888,8.11,6.49,-42.56
2889,8.17,6.24,-42.46
2890,7.86,5.66,-41.28
2892,7.72,4.67,-41.82
2898,7.72,3.56,-42.66
2899,7.30,2.88,-42.46
2900,6.67,2.47,-41.90
2902,6.11,2.00,-41.48
2905,5.56,1.61,-41.00
2909,4.73,1.25,-40.27
2910,3.82,0.78,-39.75
2914,3.08,0.25,-39.28
2919,2.48,-0.25,-38.66
2919,1.91,-0.64,-37.88
2920,1.61,-0.84,-37.05
2923,1.31,-0.90,-36.12
2926,1.14,-1.05,-35.05
2928,1.05,-1.20,-33.77
2932,0.90,-1.24,-32.35
2932,0.89,-1.18,-30.85
2937,0.95,-1.13,-29.31
2938,0.91,-1.21,-27.58
2942,0.92,-1.39,-25.92
2942,0.89,-1.62,-24.21
2949,0.82,-1.81,-22.30
2949,0.77,-1.99,-20.38
2951,0.75,-2.14,-18.02
2954,-14.83,-16.50,27.69
2957,-31.47,-33.50,78.03
2959,-1.25,-13.34,-20.90
2961,-5.45,-41.86,-77.92
2967,-6.16,-1.37,-61.19
2968,5.13,19.91,-14.92
2968,-4.54,-16.80,-73.23
2972,-5.97,-11.76,-47.66
2973,2.93,18.25,-18.00
2978,3.38,22.47,-33.24
2979,5.82,8.28,-61.40
2983,8.03,13.01,-59.23
2983,3.99,11.01,-35.91
2986,4.15,-1.94,-25.16
2989,4.57,-7.16,-25.08
2991,2.20,-7.07,-21.81
2993,1.87,-5.42,-17.15
2998,2.93,-5.22,-10.25
2999,1.52,-5.72,-3.65
3001,1.10,-6.74,2.19
3004,1.64,-7.75,8.08
3007,2.41,-7.63,11.17
3008,0.81,-7.63,13.18
3011,-0.14,-6.71,14.45
3016,-0.58,-6.09,15.94
3016,-1.15,-5.50,18.24
3018,-1.75,-4.86,19.04
3020,-2.38,-4.47,19.25
3023,-2.98,-4.26,18.72
3025,-3.48,-4.13,17.63
3032,-3.89,-3.94,15.99
3033,-4.20,-3.64,14.11
3033,-4.23,-3.40,12.30
3036,-4.22,-3.08,10.09
3038,-3.98,-2.78,8.04
3041,-3.55,-2.59,5.83
3043,-3.11,-2.48,3.74
3051,-2.56,-2.37,1.84
3051,-2.00,-2.09,0.04
3052,-1.46,-1.89,-1.46
3054,-1.10,-1.65,-3.01
3059,-0.67,-1.60,-4.40
3061,-0.26,-1.73,-5.51
3062,-0.08,-1.88,-6.43
3066,0.16,-2.16,-7.06
3067,0.28,-2.39,-7.58
3069,0.17,-2.71,-7.76
3072,0.15,-3.15,-7.87
3075,0.10,-3.66,-7.71
3077,0.04,-4.06,-7.23
3081,0.05,-4.35,-6.61
3084,0.19,-4.59,-5.73
3085,0.28,-4.91,-4.87
3087,0.45,-5.30,-3.92
3089,0.73,-5.59,-3.10
3092,0.86,-5.74,-2.39
3094,1.16,-5.94,-1.83
3098,1.47,-6.16,-1.54
3100,1.75,-6.26,-1.13
3102,2.13,-6.20,-0.94
3104,2.56,-6.00,-0.74
3106,2.99,-5.78,-0.63
3109,3.31,-5.66,-0.66
3112,3.68,-5.62,-0.61
3115,3.93,-5.49,-0.71
3117,3.99,-5.32,-0.81
3120,4.01,-5.29,-1.11
3122,3.85,-5.28,-1.39
3124,3.58,-5.35,-1.71
3127,3.35,-5.39,-2.25
3131,3.08,-5.38,-2.62
3132,2.69,-5.40,-2.99
3133,2.38,-5.46,-3.27
3138,2.04,-5.55,-3.68
3138,1.57,-5.74,-4.15
3142,1.13,-5.95,-4.65
3144,0.68,-6.20,-5.23
3148,0.20,-6.47,-5.68
3149,-0.17,-6.72,-6.12
3153,-0.51,-6.90,-6.54
3155,-0.87,-7.11,-6.83
3159,-1.19,-7.30,-7.09
3159,-1.48,-7.50,-7.29
3162,-1.77,-7.69,-7.64
3168,-1.93,-8.00,-7.87
3169,-2.02,-8.12,-8.03
3169,-2.09,-8.27,-8.28
3173,-1.97,-8.37,-8.44
3174,-1.75,-8.34,-8.65
3178,-1.51,-8.28,-8.85
3179,-1.16,-8.19,-9.13
3184,-0.81,-8.11,-9.40
3185,-0.32,-7.96,-9.73
3190,0.11,-7.73,-10.11
3190,0.53,-7.64,-10.53
3192,0.93,-7.54,-11.04
3194,1.24,-7.47,-11.52
3199,1.57,-7.45,-12.07
3200,1.74,-7.37,-12.63
3201,1.92,-7.31,-13.18
3207,2.12,-7.18,-13.70
3211,2.26,-7.03,-14.15
3213,2.34,-6.93,-14.64
3213,2.38,-6.98,-15.14
3214,2.38,-6.95,-15.65
3219,2.36,-6.95,-16.26
3220,2.27,-6.95,-16.77
3221,2.22,-6.80,-17.23
3225,2.18,-6.68,-17.68
3227,2.16,-6.56,-18.00
3231,2.08,-6.44,-18.33
3232,1.99,-6.38,-18.55
3235,1.86,-6.46,-18.85
3236,1.72,-6.58,-19.01
3239,1.63,-6.64,-19.08
3242,1.54,-6.76,-19.07
3244,1.43,-6.68,-18.87
3248,1.33,-6.61,-18.55
3249,1.22,-6.51,-18.22
3253,1.03,-6.43,-17.80
3255,0.74,-6.50,-17.38
3259,0.42,-6.61,-16.99
3259,0.13,-6.69,-16.49
3262,-0.06,-6.65,-16.13
3266,-0.27,-6.61,-15.76
3267,-0.44,-6.44,-15.33
3270,-0.55,-6.13,-14.91
3273,-0.78,-5.82,-14.39
3275,-1.08,-5.50,-13.79
3278,-1.40,-5.12,-13.26
3283,-1.75,-4.81,-12.86
3283,-2.10,-4.61,-12.52
3284,-2.49,-4.56,-12.32
3290,-2.78,-4.42,-12.32
3290,-3.00,-4.33,-12.40
3293,-3.20,-4.08,-12.53
3294,-3.22,-3.77,-12.73
3300,-3.18,-3.40,-12.92
3300,-3.16,-3.01,-13.09
3302,-3.04,-2.66,-13.22
3305,-2.96,-2.50,-13.44
3309,-2.96,-2.50,-13.70
3309,-2.91,-2.62,-14.01
3312,-2.83,-2.80,-14.31
3317,-2.65,-2.94,-14.44
3318,-2.45,-3.02,-14.58
3319,-2.18,-3.01,-14.66
3322,-1.89,-2.99,-14.75
3324,-1.65,-3.09,-14.94
3326,-1.40,-3.23,-15.07
3333,-1.26,-3.45,-15.18
3335,-1.14,-3.67,-15.36
3336,-1.06,-3.95,-15.55
3338,-0.96,-4.15,-15.70
3339,-0.73,-4.21,-15.89
3344,-0.58,-4.53,-16.07
3345,-0.44,-4.74,-16.40
3352,-0.19,-4.67,-16.81
3352,0.10,-4.63,-17.25
3353,0.37,-4.74,-17.60
3355,0.69,-4.89,-18.01
3358,1.12,-5.07,-18.36
3359,1.59,-5.12,-18.56
3363,2.01,-5.01,-18.71
3367,2.56,-5.03,-18.87
3367,3.07,-5.11,-18.92
3370,3.54,-5.14,-19.04
3373,3.98,-5.13,-19.18
3374,4.32,-5.27,-19.31
3379,4.57,-5.51,-19.33
3385,4.85,-5.74,-19.29
3386,5.19,-5.96,-19.16
3387,5.43,-6.11,-18.93
3388,5.67,-6.15,-18.55
3389,5.80,-6.18,-18.09
3393,5.61,-5.99,-17.57
3395,5.32,-5.83,-17.17
3400,4.91,-5.75,-16.90
3401,4.32,-5.65,-16.72
3403,3.77,-5.72,-16.75
3406,3.29,-5.83,-16.70
3408,2.81,-5.85,-16.89
3410,2.41,-5.67,-17.23
3412,2.14,-5.35,-17.68
3418,1.72,-4.94,-18.29
3419,1.35,-4.40,-19.09
3419,0.97,-3.89,-20.25
3424,0.57,-3.54,-21.66
3426,0.47,-3.25,-23.35
3428,0.14,-2.75,-25.30
3432,0.01,-2.10,-27.65
3433,0.29,-1.52,-29.67
3436,0.66,-1.02,-31.76
3438,1.14,-0.15,-33.83
3441,1.64,0.90,-35.70
3443,2.00,1.82,-37.36
3445,2.26,2.47,-38.55
3450,4.06,3.00,-40.00
3450,4.51,3.34,-41.74
3453,5.00,3.84,-41.85
3455,5.82,4.35,-41.44
3459,6.48,4.89,-41.65
3460,7.07,5.47,-41.61
3462,7.43,6.09,-41.00
3467,7.63,6.53,-40.20
3468,7.66,6.85,-39.40
3469,7.57,7.05,-38.55
3473,7.31,7.30,-37.52
3475,6.90,7.60,-36.51
3479,6.38,7.91,-35.46
3486,5.75,8.16,-34.48
3487,5.05,8.42,-33.49
3487,4.24,8.58,-32.67
3488,3.41,8.59,-32.03
3490,2.70,8.45,-31.49
3494,1.95,8.27,-30.88
3495,1.28,7.93,-30.18
3500,0.75,7.40,-29.44
3501,0.35,6.74,-28.63
3504,0.10,6.03,-27.64
3505,-0.10,5.39,-26.42
3509,-0.14,4.72,-25.03
3510,-0.17,3.94,-23.35
3517,-32.72,21.05,33.99
3518,-17.96,27.11,37.80
3519,0.03,-42.15,-10.78
3520,8.20,-60.32,-78.95
3524,25.01,-24.58,-48.68
3525,7.35,19.83,64.36
3529,-0.66,11.93,-1.54
3534,-5.61,7.83,-43.50
3535,-5.98,27.03,-17.29
3536,-1.67,25.08,-11.09
3540,-1.12,10.56,-7.26
3540,0.40,8.35,-11.93
3544,-1.82,6.79,-9.08
3546,-2.70,4.12,-10.65
3550,-3.50,3.51,-11.94
3551,-2.99,2.35,-8.59
3553,-3.04,0.77,-7.08
3556,-1.29,0.04,-6.20
3559,-3.93,-0.54,-10.32
3560,-11.20,-2.47,-10.47
3566,-15.79,-3.07,-2.78
3567,-14.01,-14.16,34.12
3568,-5.26,-3.61,36.95
3572,-3.23,9.54,6.36
3575,-1.95,6.50,-14.17
3575,-3.23,-2.85,9.27
3579,-0.30,-6.52,10.17
3584,1.36,-4.21,6.67
3584,5.18,-0.36,10.71
3585,6.36,0.33,9.56
3588,6.33,-1.21,10.05
3590,6.70,-2.48,10.58
3593,6.80,-2.81,11.19
3598,7.15,-2.27,11.80
3603,7.53,-2.20,12.82
3604,7.93,-2.42,13.53
3604,8.49,-2.76,13.86
3605,8.84,-3.32,14.02
3609,9.25,-3.81,13.64
3611,9.51,-4.15,13.53
3615,7.17,-3.93,13.04
3616,6.21,-3.47,12.18
3619,6.26,-3.41,11.26
3620,5.53,-3.45,9.64
3624,5.11,-3.62,8.22
3626,4.52,-3.74,6.44
3629,4.14,-3.63,5.09
3634,3.80,-3.41,3.64
3635,3.48,-3.19,2.11
3636,3.23,-3.16,0.96
3640,3.03,-3.27,-0.22
3641,2.94,-3.25,-1.13
3644,2.90,-3.16,-2.07
3649,2.99,-3.02,-2.71
3649,3.14,-2.90,-3.15
3650,3.38,-2.77,-3.42
3655,3.68,-2.66,-3.29
3655,4.04,-2.43,-3.33
3659,4.30,-2.22,-3.15
3661,4.45,-2.12,-2.97
3666,4.50,-2.15,-2.81
3667,4.56,-2.17,-2.24
3669,4.46,-2.05,-1.90
3672,4.29,-1.94,-1.21
3674,3.86,-1.87,-0.78
3676,3.25,-1.94,-0.26
3679,2.55,-2.11,0.28
3683,1.54,-2.35,0.68
3684,0.42,-2.61,1.19
3686,-0.79,-2.90,1.51
3689,-2.00,-3.00,1.79
3691,-3.32,-3.10,1.90
3694,-4.57,-3.23,1.75
3699,-5.74,-3.23,1.57
3700,-7.00,-3.22,0.99
3701,-8.10,-3.31,0.31
3704,-9.07,-3.40,-0.59
3706,-9.94,-3.42,-1.65
3708,-10.51,-3.41,-2.77
3710,-10.99,-3.37,-3.86
3717,-11.22,-3.36,-4.95
3717,-11.07,-3.30,-6.03
3718,-10.71,-3.04,-7.00
3720,-10.29,-2.62,-8.07
3727,-9.70,-2.26,-8.99
3729,-9.05,-1.90,-9.87
3729,-8.29,-1.71,-10.67
3734,-7.49,-1.54,-11.27
3735,-6.50,-1.19,-11.87
3735,-5.43,-0.67,-12.31
3740,-4.44,-0.06,-12.56
3741,-3.62,0.40,-12.78
3744,-3.06,0.41,-12.85
3750,-2.74,0.13,-12.82
3750,-2.49,-0.19,-12.72
3751,-2.42,-0.38,-12.50
3755,-2.27,-0.58,-12.10
3756,-2.24,-0.84,-11.51
3759,-2.40,-1.36,-10.98
3761,-2.64,-2.05,-10.36
3766,-2.90,-2.67,-9.86
3767,-3.22,-3.08,-9.29
3769,-3.70,-3.57,-8.89
3772,-4.25,-4.15,-8.67
3775,-4.88,-4.80,-8.75
3777,-5.52,-5.35,-8.92
3779,-6.13,-5.84,-9.14
3784,-6.79,-6.29,-9.38
3785,-7.39,-6.78,-9.52
3786,-7.87,-7.42,-9.78
3790,-8.42,-7.95,-10.12
3790,-9.13,-8.25,-10.66
3794,-8.99,-8.33,-11.44
3799,-9.61,-9.11,-11.85
3800,-10.20,-9.87,-12.91
3801,-10.00,-10.28,-14.09
3805,-10.00,-10.67,-15.23
3807,-9.76,-10.81,-16.73
3810,-9.19,-10.62,-18.16
3810,-8.53,-10.37,-19.63
3816,-7.79,-10.07,-21.25
3817,-7.05,-9.99,-22.89
3821,-6.10,-9.85,-24.96
3821,-5.24,-9.75,-27.24
3825,-4.42,-9.70,-29.42
3827,-3.49,-9.59,-31.34
3833,-2.59,-9.42,-33.24
3833,-1.62,-9.26,-35.03
3834,-0.63,-8.98,-36.68
3837,0.30,-8.69,-38.67
3840,1.23,-8.51,-40.96
3841,2.25,-8.43,-43.18
3846,3.15,-8.40,-44.97
3846,3.95,-8.40,-46.42
3857,4.46,-8.48,-47.74
3857,4.29,-8.60,-48.44
3858,6.37,-9.11,-49.61
3858,7.47,-9.84,-51.62
3860,7.68,-10.10,-52.33
3862,7.69,-9.85,-51.94
3866,8.54,-9.47,-52.14
3867,9.40,-9.12,-52.99
3870,10.28,-8.87,-53.03
3872,11.10,-8.64,-52.48
3875,11.93,-8.28,-51.85
3877,12.69,-7.56,-51.12
3880,13.08,-6.55,-50.37
3887,13.25,-5.45,-49.42
3888,13.23,-4.35,-48.49
3889,12.95,-3.33,-47.62
3889,12.44,-2.35,-46.71
3892,21.11,1.59,-6.35
3895,38.22,2.35,27.59
3898,24.90,-13.36,-77.45
3899,26.91,-32.61,-78.95
3901,-13.34,-45.97,-75.68
3905,4.87,-10.96,-47.95
3907,18.17,19.60,-60.64
3909,7.33,32.89,-78.95
3912,-8.45,15.56,-6.53
3917,-3.33,22.32,47.19
3918,-1.79,5.14,-10.77
3922,1.24,-5.25,-36.42
3923,8.48,-3.64,-45.17
3925,14.80,1.14,-63.92
3927,11.37,12.75,-59.07
3930,11.14,17.15,-26.09
3934,11.84,8.59,-16.01
3935,12.83,9.92,-34.71
3936,7.37,11.92,-53.20
3940,4.24,11.51,-60.06
3942,3.18,9.09,-55.89
3945,3.91,4.93,-43.54
3950,2.79,3.36,-39.02
3951,0.78,4.41,-41.35
3952,-1.37,5.46,-38.23
3955,-2.42,4.58,-28.17
3957,-1.63,3.90,-18.67
3960,-0.53,3.74,-12.04
3961,-1.95,3.42,-6.71
3970,-1.41,4.83,-0.37
3976,-2.40,6.95,10.30
3978,-6.16,7.62,19.23
3978,-9.63,7.68,19.00
3979,-12.17,8.20,16.45
3979,-14.24,8.79,16.71
3983,-16.52,8.31,19.62
3984,-19.08,7.86,22.28
3985,-21.12,7.60,21.58
3988,-21.97,7.67,20.27
3990,-19.42,8.18,19.41
3992,-18.10,8.45,18.20
3995,-19.02,8.14,17.41
3999,-18.83,7.56,16.87
4000,-18.44,6.77,16.45
4002,-17.71,6.20,16.09
4006,-16.54,5.70,16.29
4007,-15.16,5.16,16.64
4011,-13.60,4.44,17.07
4012,-11.82,3.66,17.75
4015,-10.02,2.96,18.50
4017,-8.30,2.20,19.49
4021,-6.75,1.47,20.48
4023,-5.27,0.82,21.61
4025,-4.24,0.18,22.57
4027,-3.45,-0.47,23.36
4030,-2.94,-1.21,24.31
4034,-2.75,-1.92,25.07
4035,-2.72,-2.75,25.71
4038,-2.66,-3.61,26.32
4040,-2.59,-4.42,26.89
4043,-2.37,-5.13,27.30
4045,-1.91,-5.75,27.63
4049,-1.40,-6.31,27.87
4050,-0.78,-6.73,27.99
4052,0.09,-7.08,28.10
4056,0.90,-7.36,28.08
4058,1.70,-7.51,27.94
4061,2.76,-7.71,27.57
4062,2.95,-7.89,26.79
4067,2.50,-7.65,25.28
4067,3.02,-7.39,23.00
4072,3.15,-7.55,20.70
4072,3.36,-7.54,18.42
4077,3.92,-7.21,16.48
4077,4.41,-6.66,14.85
4083,4.13,-5.75,13.08
4083,4.36,-4.63,11.24
4086,3.49,-3.84,9.11
4087,1.10,-3.03,6.61
4093,0.28,-2.23,4.50
4098,-0.82,-1.55,2.49
4100,-1.81,-0.82,1.02
4100,-2.70,-0.03,-0.32
4101,-3.56,0.69,-1.48
4105,-4.33,1.20,-2.38
4106,-5.00,1.54,-3.13
4108,-5.50,1.78,-3.74
4110,-5.94,1.98,-4.10
4113,-6.24,2.10,-4.11
4116,-6.22,2.17,-3.89
4117,-6.05,2.26,-3.63
4121,-5.85,2.37,-3.19
4125,-5.50,2.38,-2.75
4126,-5.17,2.27,-2.36
4128,-4.96,2.04,-2.25
4132,-4.67,1.64,-2.33
4133,-4.24,1.13,-2.58
4135,-3.77,0.60,-2.80
4139,-3.29,0.11,-2.99
4141,-2.82,-0.23,-3.51
4142,-2.38,-0.52,-4.29
4146,-2.03,-0.91,-5.57
4150,-1.61,-1.27,-7.17
4151,-1.17,-1.55,-8.81
4152,-0.68,-1.69,-10.44
4156,0.01,-1.58,-12.01
4158,0.72,-1.47,-13.55
4162,1.51,-1.31,-15.28
4162,2.26,-1.21,-16.81
4167,1.99,-1.53,-18.10
4168,0.33,-2.08,-18.67
4171,0.89,-2.11,-20.02
4172,3.09,-2.19,-22.28
4176,5.63,-2.19,-23.60
4178,7.90,-1.59,-24.59
4183,9.41,-1.36,-26.36
4183,9.83,-1.55,-28.93
4186,4.71,-2.23,-30.67
4188,1.82,-2.16,-29.45
4190,2.57,-2.45,-29.14
4193,1.85,-2.55,-31.22
4196,1.26,-1.93,-32.00
4200,0.40,-1.40,-31.94
4202,-0.24,-1.10,-31.94
4202,-0.82,-1.18,-32.04
4205,-1.75,-1.44,-31.81
4209,-2.56,-1.85,-31.42
4216,-3.24,-2.22,-30.97
4217,-3.66,-2.42,-30.43
4218,-3.71,-2.32,-29.85
4219,-3.55,-2.01,-29.24
4223,-3.28,-1.58,-28.53
4224,-3.02,-1.28,-27.89
4226,-2.60,-1.20,-27.38
4228,-2.19,-1.29,-27.05
4232,-1.72,-1.45,-26.97
4233,-1.17,-1.43,-26.82
4235,-0.61,-1.18,-26.68
4237,0.15,-0.83,-26.49
4242,1.02,-0.25,-26.14
4243,1.85,0.44,-25.78
4246,2.51,1.13,-25.67
4251,3.14,1.81,-25.90
4251,3.63,2.24,-26.34
4252,3.90,2.41,-26.88
4259,4.16,2.59,-27.61
4260,4.31,2.84,-28.37
4261,4.44,3.17,-29.07
4266,4.36,3.57,-29.80
4267,4.02,3.93,-30.45
4268,3.44,4.10,-31.24
4272,2.72,3.97,-32.23
4273,1.86,3.56,-33.18
4276,1.03,2.78,-34.18
4278,0.36,1.74,-35.19
4282,-0.01,0.52,-36.11
4283,-0.01,-0.69,-36.80
4287,0.25,-1.80,-37.22
4287,0.64,-2.93,-37.49
4291,1.32,-4.23,-37.90
4293,2.01,-5.67,-38.22
4296,2.82,-7.30,-38.55
4302,3.73,-9.10,-38.83
4303,4.69,-10.33,-39.39
4304,6.11,-11.30,-39.61
4307,5.18,-10.91,-39.02
4308,7.84,-12.38,-40.47
4311,9.38,-16.53,-43.78
4313,10.11,-19.73,-43.83
4320,9.90,-22.35,-43.76
4321,9.47,-24.30,-45.22
4322,10.39,-25.02,-46.44
4326,10.43,-25.56,-47.36
4329,9.58,-24.85,-48.12
4331,9.11,-23.13,-48.39
4332,8.94,-22.53,-49.50
4336,8.72,-22.62,-50.47
4337,8.03,-22.66,-50.35
4338,7.16,-22.79,-50.34
4342,6.31,-22.74,-50.38
4343,5.47,-22.27,-49.74
4346,4.58,-21.88,-48.53
4351,3.82,-21.81,-47.09
4351,3.12,-21.89,-45.33
4354,2.50,-21.97,-43.13
4357,1.94,-21.97,-40.64
4359,1.44,-21.52,-37.81
4362,1.12,-20.65,-35.13
4366,0.33,-20.59,-31.85
4367,-0.11,-20.47,-28.38
4368,-0.46,-20.07,-25.80
4372,-4.67,-19.41,-10.02
4373,16.59,-51.44,72.60
4376,1.05,21.86,-15.42
4378,-11.77,-4.86,-78.95
4383,-4.05,-37.93,-78.95
4384,-6.86,-48.34,-55.82
4387,2.58,-9.94,-21.49
4388,10.91,28.33,-59.71
4392,-0.50,31.11,-78.95
4394,-10.10,8.50,-78.95
4397,-2.75,10.03,-78.44
4401,13.21,22.84,-78.01
4402,7.61,7.87,-63.64
4403,-3.56,-4.25,-53.85
4407,-0.45,-10.83,-58.38
4409,0.21,-15.67,-46.23
4412,-1.38,-18.08,-30.58
4416,2.29,-18.63,-19.55
4418,2.32,-17.18,-8.59
4428,1.04,-13.32,-2.27
4433,1.92,-8.07,0.53
4434,2.07,-6.17,33.18
4435,7.79,-15.54,78.03
4435,8.30,-14.38,43.19
4435,9.42,-15.82,37.88
4436,11.86,-16.37,45.43
4436,6.78,-17.57,55.17
4439,2.61,-8.82,58.48
4441,4.66,-1.79,50.66
4444,3.88,1.27,52.31
4446,2.62,0.73,50.27
4449,0.93,-1.02,44.52
4451,-0.81,-1.64,38.75
4454,-1.80,-0.86,35.18
4457,-2.25,0.65,30.87
4459,-2.57,1.81,26.22
4462,-2.97,2.20,22.08
4467,-3.81,2.15,17.18
4468,-4.33,1.98,12.75
4468,-4.52,1.79,8.61
4473,-4.57,1.68,5.46
4474,-4.44,1.64,2.72
4478,-4.10,1.72,0.64
4480,-3.24,1.85,-0.73
4483,-2.45,1.58,-2.25
4484,-2.43,1.53,-3.06
4486,-1.25,1.74,-3.52
4489,0.31,1.23,-3.69
4492,0.65,0.62,-3.91
4494,1.35,0.08,-4.67
4496,1.99,-0.44,-5.12
4500,2.63,-0.80,-5.67
4502,3.39,-1.05,-5.83
4504,4.12,-1.28,-6.12
4507,4.85,-1.48,-6.49
4509,5.58,-1.78,-6.90
4511,6.19,-2.06,-7.37
4515,6.93,-2.04,-7.62
4522,7.55,-1.95,-8.01
4525,8.13,-1.81,-8.23
4525,8.61,-1.61,-8.47
4526,8.92,-1.48,-8.79
4526,8.82,-1.42,-8.78
4529,9.66,-1.38,-9.49
4532,9.53,-1.35,-10.04
4533,9.23,-1.20,-9.93
4537,9.31,-0.95,-9.76
4539,9.14,-0.65,-9.90
4543,8.74,-0.33,-9.89
4544,8.31,-0.14,-9.63
4550,7.62,-0.05,-9.54
4551,6.80,0.01,-9.32
4552,5.93,0.03,-9.12
4555,5.05,0.15,-8.85
4557,4.16,0.43,-8.61
4559,3.24,0.77,-8.45
4563,2.33,1.05,-8.15
4567,1.42,1.32,-7.94
4567,0.49,1.76,-7.76
4569,-0.43,2.16,-7.65
4573,-1.33,2.68,-7.72
4574,-2.05,3.09,-7.75
4577,-2.68,3.54,-8.08
4579,-3.06,4.00,-8.38
4585,-3.22,4.59,-8.77
4586,-3.20,5.19,-9.20
4587,-3.04,5.94,-9.58
4589,-2.20,6.56,-10.16
4593,-1.41,6.07,-10.69
4594,-2.65,5.81,-11.38
4597,-2.90,5.81,-12.37
4601,-1.45,7.72,-12.72
4602,-0.07,9.40,-12.70
4608,-0.75,9.53,-14.36
4609,-1.28,10.22,-15.03
4609,-1.53,11.86,-15.53
4612,-1.80,13.57,-16.13
4616,-2.09,14.75,-16.85
4620,-2.64,15.68,-18.33
4622,-3.57,15.54,-18.93
4624,-3.50,13.14,-18.43
4627,-2.20,11.87,-17.48
4628,-3.60,11.72,-17.18
4629,-3.59,12.35,-17.72
4635,-3.83,13.10,-17.91
4636,-4.10,13.37,-17.45
4637,-4.66,13.25,-17.05
4639,-5.18,12.73,-17.21
4643,-5.65,12.35,-17.46
4644,-6.19,12.15,-17.56
4649,-6.58,11.99,-17.51
4651,-6.91,11.88,-17.55
4652,-7.12,11.84,-17.57
4655,-7.18,11.85,-17.65
4658,-7.19,11.99,-17.54
4660,-7.19,12.09,-17.51
4664,-7.09,12.17,-17.59
4664,-6.98,12.18,-17.68
4670,-6.92,12.05,-17.75
4670,-6.81,11.76,-17.80
4673,-6.69,11.48,-17.76
4675,-6.51,11.27,-17.73
4678,-6.24,11.03,-17.68
4680,-6.02,10.68,-17.59
4685,-5.65,10.24,-17.48
4685,-5.22,9.85,-17.26
4689,-4.72,9.50,-16.91
4689,-4.21,9.22,-16.46
4693,-3.66,8.91,-16.20
4694,-3.16,8.59,-15.80
4697,-2.76,8.29,-15.51
4702,-2.41,7.91,-15.31
4703,-2.16,7.51,-15.14
4704,-2.02,7.17,-14.99
4708,-2.16,6.83,-15.00
4709,-2.49,6.49,-15.21
4713,-2.90,6.15,-15.49
4718,-3.43,5.73,-15.86
4718,-3.97,5.35,-16.13
4720,-4.49,5.12,-16.35
4722,-4.94,4.89,-16.48
4725,-5.47,4.72,-16.66
4730,-5.96,4.42,-16.86
4733,-6.37,3.88,-17.07
4734,-6.73,3.23,-17.43
4735,-6.81,2.49,-17.87
4740,-6.83,1.56,-18.40
4741,-6.73,0.64,-18.89
4744,-6.29,-0.15,-19.33
4745,-5.68,-0.91,-19.79
4750,-4.98,-1.57,-20.14
4751,-4.15,-2.12,-20.46
4752,-3.32,-2.62,-20.70
4755,-2.43,-3.15,-20.95
4758,-1.46,-3.71,-21.23
4760,-0.44,-3.98,-21.41
4763,0.51,-4.09,-21.61
4767,1.36,-4.05,-21.92
4768,1.98,-3.98,-22.38
4769,2.47,-4.11,-22.94
4773,2.93,-4.46,-23.58
4774,3.22,-4.91,-24.19
4778,3.57,-5.31,-24.79
4780,3.69,-5.59,-25.42
4785,3.57,-5.80,-26.06
4786,3.21,-6.11,-26.70
4788,2.66,-6.53,-27.19
4790,1.84,-7.27,-27.73
4793,0.91,-8.14,-28.35
4794,-0.11,-8.01,-29.04
4802,-0.93,-8.54,-29.49
4802,-1.19,-10.34,-30.34
4803,-2.94,-12.59,-32.29
4806,-3.03,-14.65,-33.53
4808,-3.82,-16.55,-33.94
4811,-4.38,-18.19,-34.90
4813,-4.26,-19.57,-35.96
4819,-4.01,-20.66,-36.92
4819,-4.05,-21.55,-38.17
4820,-3.57,-22.32,-39.79
4824,-2.66,-22.96,-40.92
4824,-1.94,-23.46,-41.75
4828,-1.06,-24.05,-42.87
4833,-0.29,-24.74,-44.00
4841,0.38,-25.35,-44.64
4841,1.00,-25.91,-45.33
4842,1.35,-25.97,-46.04
4842,1.97,-26.26,-46.29
4843,1.38,-27.14,-46.11
4846,2.43,-27.74,-46.26
4850,2.52,-29.19,-46.63
4850,1.51,-30.58,-45.86
4853,1.34,-31.23,-44.74
4855,0.84,-31.78,-43.94
4859,0.47,-32.00,-43.02
4860,0.18,-31.95,-41.65
4866,-0.29,-31.67,-39.73
4867,-0.46,-31.04,-37.91
4868,-0.67,-30.57,-35.86
4871,-0.80,-30.34,-33.41
4874,-0.45,-30.18,-31.13
4875,-0.29,-29.90,-28.61
4879,-0.35,-29.55,-25.32
4885,15.98,-49.65,58.62
4886,4.09,-36.35,21.81
4886,-13.78,-32.85,-78.95
4889,-21.04,-74.82,-78.95
4890,-6.72,-67.46,-63.97
4894,0.89,-13.88,-19.58
4895,12.16,14.13,-30.74
4902,7.13,14.19,-77.18
4903,-0.54,10.67,-78.95
4904,-0.08,14.37,-78.27
4905,10.03,27.31,-78.82
4910,17.88,29.32,-73.34
4910,14.31,9.95,-62.92
4913,0.11,-3.92,-60.82
4918,2.89,-12.92,-51.93
4920,1.60,-17.73,-38.34
4920,0.36,-17.98,-26.68
4923,2.90,-15.05,-17.42
4925,4.12,-12.73,-7.37
4928,2.15,-12.87,-3.13
4933,1.87,-12.56,-1.96
4940,2.15,-7.39,-0.12
4940,1.77,-5.37,27.93
4941,5.30,-13.72,78.03
4941,7.25,-11.97,42.34
4944,8.78,-12.97,29.84
4946,13.18,-11.48,33.78
4950,11.75,-9.10,42.59
4951,5.97,-4.22,48.70
4955,7.99,0.44,41.09
4955,8.88,2.43,40.31
4958,7.05,1.75,40.34
4961,5.52,0.57,35.85
4964,4.35,0.41,31.27
4968,3.30,1.26,28.71
4968,2.50,2.36,26.20
4970,1.66,3.27,22.84
4973,0.93,3.63,19.85
4976,0.21,3.65,16.77
4978,-0.83,3.65,13.90
4984,-1.73,3.90,10.79
4985,-2.03,4.09,8.69
4986,-2.02,3.91,7.21
4989,-2.67,3.51,5.09
4991,-3.12,3.18,3.65
4994,-2.97,3.02,2.31
4996,-2.99,2.95,1.45
5002,-3.35,2.71,0.59
5003,-3.65,2.37,-0.11
5004,-4.03,1.90,-0.50
5007,-4.29,1.24,-0.79
5009,-4.50,0.38,-0.99
5012,-4.48,-0.56,-1.17
5014,-3.66,-1.49,-1.10
5020,-3.46,-2.29,-0.75
5021,-3.43,-2.98,-0.77
5022,-3.04,-3.60,-0.72
5024,-2.81,-4.08,-0.83
5030,-2.57,-4.64,-1.10
5031,-2.29,-5.11,-1.49
5032,-2.02,-5.56,-2.15
5035,-1.74,-5.99,-2.80
5035,-1.48,-6.38,-3.60
5039,-1.17,-6.66,-4.33
5041,-0.82,-6.76,-5.06
5044,-0.39,-6.65,-5.71
5046,-0.02,-6.36,-6.40
5050,0.28,-5.93,-7.08
5051,0.57,-5.54,-7.74
5055,0.68,-5.20,-8.55
5056,0.82,-4.94,-9.35
5059,0.91,-4.53,-10.09
5061,1.00,-4.01,-10.95
5068,0.97,-3.45,-11.77
5068,0.59,-2.91,-12.39
5069,0.78,-2.52,-12.88
5071,0.70,-2.19,-14.12
5074,0.25,-1.75,-14.59
5075,0.09,-1.31,-14.60
5080,-0.06,-1.04,-14.87
5084,-0.22,-0.73,-15.30
5085,-0.51,-0.42,-15.41
5086,-0.78,-0.11,-15.31
5090,-1.10,0.05,-15.23
5091,-1.54,0.23,-15.04
5094,-1.88,0.31,-14.86
5096,-2.29,0.32,-14.83
5100,-2.70,0.20,-14.65
5101,-3.13,0.01,-14.52
5105,-3.52,-0.18,-14.28
5106,-3.89,-0.28,-13.99
5109,-4.23,-0.39,-13.53
5111,-4.44,-0.52,-13.06
5117,-4.64,-0.62,-12.69
5119,-4.80,-0.82,-12.36
5120,-4.94,-1.08,-12.12
5124,-5.04,-1.40,-12.03
5124,-5.04,-1.69,-11.93
5126,-5.00,-2.01,-11.85
5129,-4.89,-2.36,-11.88
5134,-4.70,-2.68,-12.10
5135,-4.51,-3.06,-12.27
5136,-4.28,-3.48,-12.54
5139,-4.11,-3.94,-12.80
5142,-3.93,-4.39,-12.89
5145,-3.77,-4.88,-12.98
5146,-3.61,-5.37,-13.13
5150,-3.43,-5.83,-13.31
5151,-3.27,-6.29,-13.38
5155,-3.08,-6.67,-13.60
5156,-2.90,-7.09,-13.73
5160,-2.66,-7.48,-13.73
5161,-2.25,-7.70,-13.75
5167,-1.94,-7.83,-13.72
5168,-1.51,-7.42,-13.64
5169,-1.09,-7.58,-13.65
5172,-0.99,-7.76,-13.41
5174,-0.76,-7.52,-13.73
5177,-0.61,-7.28,-13.94
5180,-0.40,-6.92,-14.15
5183,-0.29,-6.76,-14.34
5185,-0.15,-6.59,-14.51
5186,-0.01,-6.36,-14.81
5190,0.04,-6.23,-15.04
5192,0.02,-6.23,-15.43
5194,-0.01,-6.28,-15.73
5201,-0.13,-6.37,-16.10
5203,-0.24,-6.52,-16.43
5203,-0.33,-6.66,-16.78
5204,-0.43,-6.78,-17.08
5206,-0.43,-6.92,-17.33
5209,-0.44,-7.03,-17.59
5211,-0.46,-7.08,-17.76
5218,-0.42,-7.11,-17.86
5227,-0.37,-7.11,-17.98
5228,-0.30,-7.18,-18.01
5228,-0.20,-7.27,-18.03
5229,-0.11,-7.42,-18.01
5229,-0.03,-7.73,-17.96
5230,0.15,-8.13,-17.82
5233,0.36,-8.40,-17.53
5234,0.53,-8.69,-17.21
5237,0.76,-8.73,-16.86
5240,0.95,-8.64,-16.55
5242,1.11,-8.51,-16.28
5245,1.17,-8.42,-16.02
5247,1.34,-8.31,-15.88
5254,1.45,-7.98,-15.71
5254,1.73,-7.59,-15.61
5255,1.89,-7.05,-15.50
5256,2.05,-6.49,-15.43
5260,2.09,-5.92,-15.32
5262,2.09,-5.33,-15.44
5267,1.99,-4.74,-15.55
5268,1.84,-4.15,-15.68
5269,1.72,-3.55,-15.90
5272,1.59,-2.90,-16.10
5275,1.41,-2.26,-16.34
5277,1.29,-1.57,-16.57
5280,1.21,-0.94,-16.82
5284,1.06,-0.23,-17.13
5285,0.89,0.45,-17.43
5286,0.63,1.02,-17.76
5289,0.39,1.60,-18.24
5292,0.17,2.14,-18.75
5294,-0.19,2.60,-19.26
5296,-0.50,2.89,-19.76
5301,-0.72,3.10,-20.10
5301,-0.98,3.28,-20.47
5311,-1.21,3.50,-20.70
5312,-1.30,3.85,-20.84
5313,-1.32,4.18,-20.94
5314,-1.47,4.55,-21.01
5315,-1.66,4.90,-21.04
5319,-1.97,5.22,-21.27
5321,-2.40,5.39,-21.47
5322,-2.80,5.44,-21.60
5325,-3.28,5.44,-21.76
5326,-3.67,5.53,-21.84
5330,-3.95,5.77,-22.00
5334,-4.16,6.06,-22.21
5335,-4.32,6.30,-22.51
5337,-4.39,6.44,-22.87
5340,-4.50,6.39,-23.29
5343,-4.44,6.26,-23.91
5346,-3.57,5.65,-23.79
5347,-4.46,5.70,-24.81
5351,-4.73,6.57,-26.77
5352,-4.46,6.56,-27.18
5355,-3.56,6.18,-27.11
5358,-2.87,5.55,-27.17
5360,-3.05,5.27,-27.63
5363,-3.06,4.96,-30.15
5368,-2.10,4.56,-31.72
5369,-1.36,4.23,-32.11
5370,-0.57,4.14,-32.38
5373,0.08,4.27,-33.16
5375,0.66,4.48,-34.11
5377,1.17,4.31,-34.92
5385,1.45,3.85,-35.68
5386,1.60,3.26,-36.48
5387,1.67,2.77,-37.46
5388,1.98,2.38,-38.07
5391,1.76,2.03,-37.80
5392,1.43,1.44,-39.46
5395,2.61,1.56,-41.05
5401,1.44,1.62,-41.44
5403,1.60,0.97,-40.04
5405,1.71,0.25,-39.80
5405,1.13,0.00,-40.60
5406,0.29,-0.38,-40.52
5410,-0.22,-1.22,-40.14
5412,-0.50,-2.36,-39.72
5415,-0.95,-3.25,-39.22
5419,-1.27,-3.84,-38.61
5419,-1.43,-4.22,-37.63
5423,-1.44,-4.49,-36.48
5426,-1.60,-4.74,-35.12
5427,-1.84,-5.09,-33.77
5431,-2.16,-5.55,-32.39
5435,-2.48,-6.01,-30.73
5437,-2.78,-6.45,-29.05
5438,-3.02,-6.77,-27.44
5441,-3.12,-7.11,-25.70
5443,-3.27,-7.40,-23.81
5445,-1.59,-9.13,-8.89
5451,-17.59,-54.75,77.15
5452,-7.12,-20.69,38.40
5452,-2.61,-20.67,-64.29
5457,-23.58,-38.40,-78.95
5457,-15.58,-15.52,-60.30
5460,-0.61,12.07,-32.68
5463,1.06,17.95,-37.62
5467,-5.65,24.54,-57.77
5469,-4.50,21.31,-76.83
5471,5.36,9.33,-78.95
5472,18.94,6.78,-78.35
5475,17.16,7.24,-67.58
5478,9.50,11.20,-59.24
5480,12.34,7.19,-65.55
5486,6.51,-2.91,-62.76
5487,3.36,-9.97,-50.26
5488,2.11,-16.56,-39.24
5490,0.83,-19.55,-29.94
5492,-0.03,-19.48,-22.74
5496,-1.98,-20.17,-17.02
5499,-0.98,-18.91,-12.72
5504,-0.22,-15.56,-7.51
5504,0.55,-9.72,-2.68
5505,0.41,-7.30,23.21
5508,-3.16,-15.06,63.32
5510,-2.47,-15.52,33.30
5512,-0.30,-16.39,27.25
5517,2.03,-18.12,30.77
5518,5.15,-18.39,36.51
5521,9.25,-15.05,42.40
5523,7.78,-6.22,36.91
5526,8.57,-1.68,36.32
5527,9.91,-0.43,35.60
5531,9.25,-1.68,31.94
5535,8.70,-2.69,28.02
5536,8.26,-2.00,24.75
5538,8.02,-0.60,21.69
5541,7.69,0.59,17.94
5544,7.08,0.96,14.39
5546,6.05,0.88,10.07
5550,5.07,1.08,6.25
5551,4.09,1.69,2.75
5552,3.11,2.47,-0.15
5557,2.37,3.14,-2.34
5557,1.68,3.66,-4.41
5561,1.18,3.98,-5.76
5563,0.72,4.10,-7.00
5568,0.39,4.29,-7.51
5568,0.15,4.49,-7.67
5571,-0.18,4.53,-7.55
5573,-0.35,4.50,-6.82
5576,-0.75,4.18,-6.39
5578,-1.22,3.47,-5.34
5582,-1.60,2.65,-4.17
5586,-1.95,1.90,-2.58
5589,-2.22,1.21,-0.74
5591,-2.42,0.56,0.78
5595,-2.42,-0.13,2.44
5597,-2.54,-0.89,3.81
5597,-2.58,-1.65,5.13
5598,-2.52,-2.30,6.21
5603,-2.57,-2.87,7.08
5604,-2.47,-3.29,7.82
5606,-2.39,-3.65,8.00
5608,-2.33,-3.90,8.20
5611,-2.27,-4.14,8.00
5613,-2.13,-4.17,7.60
5618,-2.05,-4.26,6.90
5618,-2.18,-4.40,5.86
5620,-2.20,-4.58,4.96
5623,-2.28,-4.65,3.72
5626,-2.32,-4.59,2.56
5629,-2.28,-4.51,1.35
5631,-2.15,-4.37,-0.03
5634,-2.05,-4.30,-1.22
5635,-1.84,-4.21,-2.60
5639,-1.59,-4.03,-3.66
5641,-1.39,-3.92,-4.87
5643,-1.14,-3.85,-5.92
5646,-0.89,-3.78,-6.83
5650,-0.82,-3.76,-7.81
5651,-0.71,-3.82,-8.44
5654,-0.64,-3.93,-9.23
5656,-0.65,-4.11,-9.78
5659,-0.73,-4.40,-10.17
5661,-0.83,-4.67,-10.50
5663,-1.05,-5.08,-10.80
5667,-1.33,-5.70,-11.18
5668,-1.56,-6.34,-11.57
5674,-1.73,-7.10,-11.94
5679,-1.92,-7.90,-12.20
5679,-2.01,-8.61,-12.54
5680,-2.02,-9.12,-12.86
5684,-1.70,-9.09,-13.16
5684,-1.46,-9.42,-13.47
5686,-1.19,-9.97,-13.81
5689,-0.79,-10.24,-14.34
5692,-0.28,-10.42,-14.78
5694,0.41,-10.42,-15.36
5697,1.22,-10.24,-15.82
5701,2.16,-9.99,-16.11
5702,3.03,-9.56,-16.47
5703,3.98,-9.20,-16.66
5707,4.88,-8.91,-16.81
5709,5.70,-8.63,-16.97
5711,6.40,-8.48,-17.03
5714,6.88,-8.43,-16.99
5718,7.27,-8.55,-16.88
5719,7.43,-8.81,-16.76
5721,7.44,-9.23,-16.63
5724,7.36,-9.58,-16.34
5727,7.25,-9.95,-16.17
5730,7.07,-10.36,-15.91
5731,6.73,-10.73,-15.66
5736,6.43,-11.00,-15.44
5737,6.07,-11.20,-15.29
5738,5.56,-11.34,-15.04
5741,5.06,-11.38,-14.91
5743,4.60,-11.39,-14.88
5746,4.24,-11.36,-14.84
5751,3.89,-11.17,-14.84
5754,3.56,-10.99,-14.99
5755,3.30,-10.75,-15.09
5756,3.08,-10.42,-15.30
5758,2.86,-10.07,-15.46
5761,2.60,-9.63,-15.64
5763,2.42,-9.22,-15.78
5766,2.23,-8.80,-15.83
5769,1.98,-8.29,-15.92
5772,1.72,-7.83,-15.93
5773,1.42,-7.39,-15.89
5777,0.97,-7.01,-15.78
5779,0.57,-6.57,-15.73
5781,0.23,-6.22,-15.57
5785,-0.17,-5.89,-15.43
5786,-0.57,-5.58,-15.20
5789,-1.00,-5.32,-14.99
5791,-1.42,-5.07,-14.73
5794,-1.82,-4.89,-14.42
5797,-2.35,-4.75,-14.11
5800,-2.81,-4.62,-13.91
5801,-3.27,-4.62,-13.59
5803,-3.73,-4.70,-13.22
5807,-4.14,-4.83,-12.96
5808,-4.45,-4.86,-12.74
5812,-4.61,-4.83,-12.60
5814,-4.66,-4.80,-12.35
5819,-4.55,-4.61,-12.25
5819,-4.42,-4.43,-12.22
5823,-4.15,-4.33,-12.23
5823,-3.94,-4.40,-12.16
5826,-3.59,-4.57,-12.28
5829,-3.11,-4.64,-12.54
5835,-2.57,-4.59,-12.73
5836,-1.92,-4.45,-13.00
5836,-1.18,-4.22,-13.28
5839,-0.50,-3.99,-13.53
5841,0.23,-3.89,-13.83
5844,0.87,-3.77,-14.14
5847,1.43,-3.56,-14.61
5850,1.96,-3.38,-14.90
5852,2.45,-3.13,-15.27
5853,2.81,-2.91,-15.53
5859,3.04,-2.70,-15.74
5860,3.22,-2.51,-15.98
5862,3.17,-2.40,-16.20
5867,3.00,-2.44,-16.43
5868,2.66,-2.61,-16.55
5872,2.14,-2.75,-16.67
5872,1.62,-2.94,-16.78
5874,1.05,-3.06,-16.89
5877,0.28,-3.09,-17.02
5879,-0.62,-3.20,-17.11
5882,-1.52,-3.43,-17.28
5885,-2.37,-3.74,-17.32
5886,-3.17,-4.05,-17.41
5890,-3.86,-4.31,-17.65
5892,-4.46,-4.45,-17.78
5894,-4.90,-4.47,-17.75
5897,-5.30,-4.38,-17.77
5901,-5.62,-4.22,-17.79
5904,-5.76,-4.13,-17.79
5905,-5.90,-4.11,-17.93
5908,-5.98,-4.10,-17.99
5914,-5.98,-4.13,-18.10
5915,-5.87,-4.25,-18.20
5915,-5.73,-4.19,-18.15
5919,-5.48,-3.95,-18.00
5919,-5.31,-3.66,-17.87
5923,-5.15,-3.54,-17.78
5924,-5.10,-3.40,-17.67
5928,-5.06,-3.42,-17.64
5930,-5.00,-3.45,-17.59
5934,-5.03,-3.43,-17.57
5935,-4.96,-3.42,-17.67
5937,-4.83,-3.45,-17.88
5940,-4.63,-3.37,-18.15
5943,-4.33,-3.29,-18.49
5943,-4.00,-3.14,-18.83
5947,-3.72,-2.86,-19.25
5952,-3.41,-2.60,-19.68
5952,-3.19,-2.27,-20.09
5955,-2.98,-1.97,-20.62
5957,-2.82,-1.79,-21.15
5959,-2.66,-1.78,-21.80
5962,-2.42,-1.90,-22.56
5965,-2.15,-1.93,-23.47
5969,-1.88,-1.76,-24.65
5970,-1.50,-1.45,-25.91
5975,-1.14,-1.08,-27.12
5976,-0.96,-0.72,-28.38
5979,-0.84,-0.16,-29.64
5980,-0.88,0.44,-31.05
5984,-1.12,0.76,-32.53
5985,-1.34,0.84,-33.96
5989,-1.45,0.91,-34.98
5990,-1.41,0.95,-35.86
5996,-1.46,1.03,-36.57
5998,-1.27,1.18,-36.85
5998,-1.13,1.45,-37.09
6001,-1.11,1.68,-37.13
6002,-1.06,1.77,-37.10
6005,-1.28,1.79,-37.07
6007,-1.60,1.62,-36.92
6010,-1.85,1.24,-36.70
6012,-2.06,0.75,-36.27
6015,-2.22,0.44,-35.53
6019,-2.36,0.29,-34.76
6019,-2.35,0.25,-33.78
6023,-2.23,0.35,-32.89
6024,-2.31,0.33,-32.30
6028,-2.21,0.30,-31.43
6030,-2.23,0.23,-30.79
6035,-2.27,0.26,-30.80
6036,-2.29,0.13,-30.86
6037,-2.13,-0.13,-30.91
6041,-2.06,-0.23,-30.88
6043,-1.90,-0.34,-30.68
6045,-1.71,-0.33,-30.61
6048,-1.72,-0.32,-30.37
6054,-1.82,-0.48,-30.08
6055,-2.05,-0.90,-29.67
6056,-2.36,-1.42,-29.13
6060,-2.63,-1.91,-28.53
6061,-3.06,-2.30,-27.93
6062,-3.50,-2.66,-27.07
6065,-3.85,-3.20,-25.77
6069,-4.24,-3.90,-24.21
6070,-4.65,-4.48,-22.55
6073,-19.24,-16.20,7.70
6076,-34.95,-27.06,60.18
6083,-3.36,-20.26,-52.12
6083,-35.49,-42.72,-78.95
6084,-14.23,-57.05,-76.04
6084,1.00,-22.41,-32.31
6089,-1.71,17.92,0.37
6090,-7.62,66.95,2.19
6093,-14.85,53.02,-58.34
6095,-24.61,16.47,-78.95
6097,-13.17,4.59,-78.42
6101,-0.11,17.41,-59.53
6103,3.90,19.76,-29.38
6105,6.81,21.29,-12.39
6110,7.29,19.73,-6.92
6110,8.03,16.50,-6.46
6113,7.35,8.50,-6.88
6117,3.78,-0.28,-8.59
6118,0.21,-10.52,-14.43
6119,-0.21,-26.44,-30.56
6124,2.88,-39.81,-56.34
6125,13.74,-21.69,-64.21
6129,7.72,-5.12,-54.90
6131,-4.12,-3.09,-32.09
6132,-0.57,-0.13,-9.53
6137,0.68,-3.25,-1.57
6138,0.13,-6.08,3.38
6141,0.57,-8.08,20.69
6143,0.32,-10.55,26.65
6145,0.92,-13.15,28.33
6148,4.05,-15.08,41.60
6157,3.59,-15.76,57.49
6162,-1.37,-17.68,64.45
6163,-6.13,-12.96,71.14
6164,-5.66,-2.97,17.94
6165,-2.27,1.35,9.91
6166,-0.24,8.20,15.59
6167,1.68,15.08,14.08
6172,5.31,19.15,12.04
6172,4.59,11.17,4.28
6174,4.04,4.72,0.74
6176,3.59,0.98,1.99
6178,3.68,-1.78,2.48
6181,3.87,-2.49,1.85
6185,4.46,-0.69,0.49
6186,5.19,1.58,-0.75
6189,5.42,2.39,-1.09
6192,5.31,2.50,-1.35
6193,5.11,2.15,-1.83
6196,4.75,1.68,-2.12
6202,4.43,1.35,-2.29
6203,4.26,1.05,-2.34
6203,3.98,0.68,-2.15
6206,3.84,0.50,-1.82
6209,3.80,0.43,-1.51
6211,3.73,0.34,-1.04
6213,3.68,0.49,-0.61
6219,3.18,0.59,-0.20
6220,1.87,0.61,0.64
6221,2.06,0.47,2.01
6223,2.65,0.09,3.73
6224,2.76,-0.34,5.34
6228,2.19,-0.84,6.35
6234,1.54,-1.06,7.02
6236,1.08,-1.68,7.55
6237,1.03,-2.24,8.84
6238,0.83,-2.85,10.29
6241,0.53,-3.59,11.47
6243,0.64,-3.65,12.49
6246,0.43,-4.64,13.95
6249,0.17,-5.58,16.54
6253,-0.51,-6.48,16.94
6253,-1.00,-7.35,16.32
6255,-1.34,-8.31,15.88
6259,-1.20,-9.29,15.55
6260,-0.03,-10.41,13.83
6264,0.16,-10.73,10.45
6268,0.30,-11.03,7.87
6269,-0.16,-11.67,6.62
6270,0.43,-12.23,5.34
6273,0.99,-11.82,4.16
6276,0.48,-12.48,3.50
6278,0.19,-13.04,2.95
6281,0.09,-12.89,2.51
6286,0.20,-12.49,1.96
6287,0.41,-11.98,1.83
6288,0.52,-11.35,2.27
6292,0.86,-9.89,2.64
6293,0.96,-8.68,2.88
6296,0.81,-7.87,2.56
6298,0.55,-7.11,1.85
6303,0.14,-6.78,1.02
6304,-0.09,-6.64,-0.12
6305,0.22,-7.43,-1.09
6316,0.80,-10.41,-2.87
6317,1.03,-17.63,-7.27
6317,-0.69,-30.86,-17.65
6318,-3.16,-48.02,-33.85
6319,-1.80,-62.52,-57.12
6323,3.82,-68.20,-57.46
6324,12.95,-55.91,-52.10
6325,26.04,-25.85,-62.57
6328,31.88,-9.83,-54.51
6331,25.79,-4.02,-45.43
6334,12.38,-8.46,-37.91
6335,5.00,-15.36,-28.08
6339,0.97,-19.22,-20.90
6341,2.00,-18.71,-15.75
6344,2.60,-16.95,-11.29
6346,1.00,-11.37,-8.57
6349,0.46,-9.25,-7.42
6353,0.42,-8.58,-6.75
6354,0.40,-8.93,-6.38
6357,0.46,-10.10,-6.32
6359,0.38,-11.70,-6.47
6360,-0.20,-13.84,-7.32
6364,-0.80,-16.20,-8.75
6368,-1.55,-18.19,-10.25
6370,-2.01,-19.69,-11.90
6371,-2.31,-20.68,-13.62
6374,-2.16,-21.01,-15.19
6375,-1.74,-21.05,-16.45
6379,-1.31,-22.03,-17.43
6380,-0.94,-22.64,-17.31
6390,-1.23,-24.08,-17.40
6391,-2.44,-24.08,-18.79
6392,-4.65,-19.78,-19.81
6392,-6.02,-13.60,-19.10
6393,-6.75,-10.17,-18.47
6396,-7.47,-9.01,-18.63
6399,-7.53,-9.16,-18.47
6403,-6.44,-9.95,-17.87
6404,-4.68,-10.55,-17.51
6406,-3.00,-10.41,-17.50
6410,-1.70,-9.80,-17.44
6412,-1.13,-8.85,-17.57
6414,-1.34,-7.99,-18.09
6418,-2.15,-7.57,-18.94
6419,-3.06,-7.37,-19.96
6421,-3.56,-7.23,-21.33
6424,-3.54,-6.93,-22.92
6426,-3.15,-6.39,-24.62
6429,-2.53,-5.55,-26.31
6432,-2.05,-4.72,-28.08
6436,-2.14,-3.13,-29.75
6437,-3.30,-1.09,-31.44
6441,-5.82,-0.88,-32.85
6441,-8.70,0.12,-33.65
6445,-11.98,0.66,-34.69
6446,-15.15,-0.59,-35.34
6452,-16.98,-1.31,-35.41
6453,-17.51,-1.13,-35.89
6454,-16.36,-1.37,-36.07
6455,-13.46,-1.88,-36.35
6458,-10.35,-2.52,-36.89
6465,-7.83,-2.89,-37.38
6466,-6.06,-3.20,-38.08
6466,-4.58,-3.77,-38.65
6470,-3.30,-4.04,-39.80
6471,-2.13,-4.53,-41.01
6475,-1.14,-5.30,-41.92
6476,-0.32,-5.52,-43.52
6480,0.27,-5.68,-44.64
6480,0.23,-5.89,-45.97
6484,-0.07,-5.57,-46.48
6486,-0.44,-5.82,-46.61
6490,-0.18,-5.73,-46.04
6493,-1.16,-5.20,-46.57
6494,-5.48,-5.35,-47.82
6496,-8.39,-6.46,-47.01
6499,-7.56,-6.94,-49.12
6505,-3.71,-6.66,-47.94
6506,-0.49,-6.64,-46.04
6507,1.38,-7.21,-42.87
6510,4.80,-9.04,-38.23
6512,10.18,-8.44,-35.57
6515,14.13,-10.82,-33.37
6516,16.34,-11.30,-31.99
6522,15.70,-10.50,-30.50
6523,12.40,-9.82,-27.95
6524,8.07,-10.17,-27.36
6527,6.22,-10.94,-25.46
6529,-36.93,40.09,-49.18
6537,-31.76,-34.92,-48.76
6544,20.34,-24.73,-20.09
6544,28.93,-24.60,-12.16
6545,24.08,-38.30,44.39
6546,21.81,-34.05,78.03
6546,12.63,-21.58,46.05
6547,1.22,-3.61,4.84
6550,0.21,-2.18,1.80
6551,1.06,-3.02,4.34
6554,-0.11,-5.25,9.04
6557,0.95,-3.99,8.52
6560,3.24,-4.13,19.32
6562,5.20,-12.78,2.64
6565,4.14,-9.46,20.42
6568,13.10,-10.47,55.99
6569,17.37,-7.43,75.90
6573,5.20,-11.72,67.63
6574,-0.64,-6.98,28.08
6576,1.22,-4.39,15.70
6580,1.74,-3.44,13.07
6581,1.81,-2.11,10.18
6588,2.13,-2.39,11.62
6590,1.87,-6.76,20.83
6590,3.72,-1.50,13.74
6593,4.14,-0.98,15.43
6596,4.43,-2.00,18.72
6597,4.35,-2.20,18.26
6602,3.63,-2.15,15.09
6605,2.69,-2.17,10.68
6606,2.08,-2.23,8.00
6607,1.85,-2.33,7.25
6610,1.70,-2.38,6.34
6617,1.51,-2.30,5.24
6617,1.52,-4.24,0.87
6618,2.37,-11.12,-18.22
6622,-0.04,-1.46,2.27
6623,-0.63,-2.17,1.36
6625,-0.67,-3.12,-1.12
6629,-0.48,-2.56,-0.73
6630,-0.15,-1.94,-0.69
6632,0.07,-1.75,-0.73
6637,0.15,-1.59,-0.71
6644,0.34,-1.40,-0.70
6645,0.44,-1.29,-0.62
6646,0.50,-1.27,-0.64
6649,-0.03,-3.90,0.27
6650,0.18,-2.55,-0.21
6651,0.35,-1.54,-1.39
6651,0.28,-1.96,-1.00
6657,0.34,-1.92,-1.01
6658,0.32,-1.88,-0.94
6659,0.40,-1.97,0.26
6662,0.24,-1.95,0.04
6665,0.10,-1.81,-1.39
6670,0.29,-1.64,-1.13
6671,0.56,-0.99,0.21
6671,0.31,-1.31,-0.70
6675,0.36,-1.31,-0.81
6677,0.50,-0.98,-0.30
6679,0.48,-0.97,-0.19
6684,0.38,-1.06,-0.52
6686,0.42,-1.00,-0.41
6688,0.43,-1.01,-0.37
6691,0.41,-1.03,-0.40
6692,0.37,-0.99,-0.36
6695,0.39,-1.01,-0.36
6697,0.41,-1.04,-0.38
6701,0.39,-1.03,-0.39
6702,0.40,-1.02,-0.36
6705,0.39,-1.06,-0.43
6708,0.42,-1.02,-0.42
6711,0.43,-1.01,-0.42
6712,0.38,-1.04,-0.36
6716,0.39,-1.03,-0.36
6720,0.39,-1.04,-0.37
6721,0.36,-1.07,-0.41
6722,0.41,-1.04,-0.40
6726,0.42,-1.02,-0.37
6726,0.41,-1.06,-0.35
6731,0.34,-1.07,-0.28
6732,0.36,-1.05,-0.38
6737,0.40,-1.08,-0.36
6738,0.37,-1.08,-0.35
6741,0.39,-1.04,-0.34
6743,0.38,-1.04,-0.32
6746,0.40,-1.02,-0.35
6747,0.41,-1.04,-0.37
6753,0.38,-1.07,-0.37
6754,0.37,-1.09,-0.42
6755,0.34,-1.07,-0.40
6760,0.40,-1.09,-0.35
6760,0.41,-1.06,-0.39
6762,0.39,-1.08,-0.33
6770,0.37,-1.09,-0.36
6771,0.36,-1.05,-0.44
6772,0.37,-1.07,-0.38
6773,0.41,-1.11,-0.39
6778,0.39,-1.10,-0.41
6779,0.36,-1.08,-0.42
6780,0.40,-1.07,-0.41
6782,0.36,-1.08,-0.38
6787,0.40,-1.12,-0.46
6788,0.37,-1.09,-0.42
6791,0.34,-1.07,-0.43
6792,0.33,-1.07,-0.47
6796,0.37,-1.10,-0.44
6798,0.36,-1.10,-0.43
6802,0.38,-1.12,-0.46
6803,0.38,-1.11,-0.47
6805,0.37,-1.10,-0.44
6808,0.35,-1.10,-0.41
6812,0.37,-1.08,-0.47
6812,0.36,-1.12,-0.46
6816,0.37,-1.09,-0.44
6821,0.38,-1.09,-0.44
6822,0.36,-1.10,-0.41
6823,0.34,-1.07,-0.47
6826,0.33,-1.07,-0.47
6827,0.35,-1.12,-0.40
6831,0.33,-1.07,-0.43
6836,0.34,-1.07,-0.47
6843,0.37,-1.09,-0.52
6843,0.39,-1.11,-0.44
6844,0.37,-1.13,-0.47
6845,0.38,-1.14,-0.47
6846,0.38,-1.09,-0.53
6848,0.38,-1.12,-0.54
6851,0.41,-1.12,-0.49
6852,0.39,-1.10,-0.53
6855,0.36,-1.11,-0.50
6858,0.40,-1.10,-0.53
6861,0.38,-1.14,-0.59
6863,0.39,-1.10,-0.60
6866,0.39,-1.09,-0.54
6869,0.33,-1.10,-0.58
6870,0.40,-1.12,-0.61
6873,0.38,-1.12,-0.59
6876,0.37,-1.13,-0.64
6878,0.42,-1.10,-0.53
6881,0.39,-1.14,-0.58
6885,0.36,-1.14,-0.62
6886,0.43,-1.11,-0.62
6887,0.42,-1.07,-0.59
6891,0.39,-1.14,-0.61
6893,0.37,-1.11,-0.57
6895,0.39,-1.12,-0.56
6898,0.40,-1.17,-0.63
6902,0.37,-1.10,-0.59
6903,0.36,-1.15,-0.63
6906,0.37,-1.14,-0.62
6907,0.42,-1.09,-0.61
6911,0.40,-1.11,-0.63
6917,0.41,-1.10,-0.60
6918,0.43,-1.09,-0.63
6922,0.44,-1.12,-0.69
6923,0.44,-1.14,-0.64
6923,0.45,-1.12,-0.61
6927,0.41,-1.08,-0.65
6928,0.42,-1.12,-0.64
6931,0.43,-1.08,-0.64
6932,0.39,-1.10,-0.65
6937,0.42,-1.13,-0.62
6938,0.39,-1.10,-0.67
6942,0.42,-1.10,-0.71
6943,0.44,-1.13,-0.72
6946,0.43,-1.12,-0.71
6948,0.46,-1.10,-0.64
6953,0.44,-1.14,-0.71
6954,0.46,-1.11,-0.69
6956,0.39,-1.10,-0.73
6958,0.40,-1.11,-0.75
6961,0.48,-1.12,-0.78
6963,0.43,-1.08,-0.76
6966,0.43,-1.11,-0.78
6973,0.46,-1.17,-0.76
6973,0.40,-1.12,-0.77
6974,0.40,-1.11,-0.77
6975,0.44,-1.11,-0.78
6979,0.47,-1.09,-0.78
6980,0.44,-1.11,-0.77
6985,0.44,-1.12,-0.79
6987,0.41,-1.11,-0.83
6990,0.47,-1.08,-0.86
6996,0.44,-1.06,-0.85
6997,0.48,-1.13,-0.83
6998,0.47,-1.10,-0.85
6999,0.49,-1.12,-0.82
7002,0.45,-1.11,-0.87
7003,0.43,-1.10,-0.83
7006,0.42,-1.09,-0.83
7007,0.51,-1.07,-0.84
7011,0.45,-1.07,-0.84
7013,0.46,-1.13,-0.87
7015,0.48,-1.09,-0.88
7020,0.50,-1.06,-0.84
7021,0.45,-1.08,-0.88
7023,0.46,-1.09,-0.88
7026,0.46,-1.08,-0.90
7028,0.42,-1.13,-0.94
7032,0.46,-1.11,-0.92
7033,0.51,-1.07,-0.92
7038,0.46,-1.09,-0.94
7038,0.49,-1.04,-0.94
7043,0.42,-1.03,-0.96
7044,0.43,-1.04,-0.97
7046,0.47,-1.09,-0.99
7048,0.44,-1.06,-1.01
7053,0.47,-1.08,-0.99
7054,0.49,-1.04,-1.01
7057,0.51,-1.09,-1.03
7058,0.50,-1.07,-1.05
7063,0.47,-1.07,-1.04
7064,0.44,-1.02,-1.06
7068,0.45,-1.06,-1.08
7069,0.48,-1.08,-1.16
7072,0.49,-1.01,-1.09
7073,0.47,-1.00,-1.08
7077,0.52,-1.04,-1.08
7078,0.49,-1.03,-1.14
7082,0.50,-1.00,-1.16
7087,0.49,-1.05,-1.17
7088,0.47,-1.01,-1.17
7089,0.48,-0.98,-1.17
7092,0.46,-1.00,-1.19
7094,0.49,-1.01,-1.17
7097,0.48,-1.01,-1.20
7099,0.47,-1.01,-1.24
7104,0.42,-1.04,-1.23
7104,0.45,-1.05,-1.21
7108,0.45,-1.04,-1.28
7110,0.49,-0.98,-1.29
7113,0.49,-1.01,-1.32
7114,0.42,-1.01,-1.30
7120,0.45,-1.00,-1.34
7121,0.51,-1.02,-1.40
7122,0.48,-1.03,-1.38
7124,0.43,-1.01,-1.40
7126,0.45,-1.01,-1.44
7128,0.46,-0.98,-1.41
7131,0.45,-1.00,-1.43
7135,0.48,-0.99,-1.45
7136,0.44,-1.00,-1.39
7139,0.45,-0.97,-1.44
7146,0.48,-0.96,-1.47
7147,0.43,-0.98,-1.51
7148,0.48,-0.97,-1.55
7149,0.44,-1.00,-1.65
7153,0.43,-1.01,-1.64
7154,0.45,-0.99,-1.73
7158,0.47,-1.01,-1.92
7160,0.42,-1.01,-2.13
7161,0.43,-0.96,-2.63
7164,0.44,-0.99,-3.78
7166,0.41,-0.97,-9.29
7172,36.95,-7.26,-40.54
7174,-0.90,41.16,-56.11
7174,-15.78,-6.02,5.35
7178,4.25,-3.03,5.59
7179,0.57,1.19,-1.17
7182,-0.29,-0.05,0.90
7184,0.13,-0.06,1.25
7189,0.09,0.14,1.40
7190,0.16,0.01,1.54
7193,0.18,0.00,1.36
7194,0.17,0.01,1.30
7197,0.22,0.03,0.86
7199,0.25,-0.00,0.80
7204,0.18,0.01,0.47
7205,0.22,0.05,0.31
7207,0.21,0.01,0.28
7209,0.21,0.06,0.08
7213,0.18,0.05,0.17
7222,0.20,0.04,-0.05
7222,0.20,0.00,-0.08
7223,0.20,0.06,-0.22
7224,0.20,0.05,-0.22
7224,0.15,-0.02,-0.11
7229,0.11,0.08,-0.19
7229,0.14,0.03,-0.13
7232,0.14,-0.00,-0.22
7235,0.13,0.04,-0.17
7236,0.14,0.06,-0.15
7239,0.15,0.03,-0.25
7242,0.15,0.02,-0.17
7243,0.14,0.05,-0.23
7247,0.14,0.02,-0.18
7249,0.07,0.01,-0.17
7253,0.12,0.08,-0.19
7254,0.17,0.02,-0.24
7258,0.11,0.02,-0.25
7258,0.15,0.06,-0.19
7262,0.13,-0.01,-0.24
7264,0.18,0.02,-0.18
7273,0.18,0.08,-0.13
7274,0.20,0.07,-0.27
7276,0.14,0.01,-0.28
7276,0.15,0.06,-0.25
7278,0.16,0.04,-0.22
7281,0.19,-0.01,-0.20
7289,0.18,0.06,-0.25
7290,0.18,0.02,-0.23
7291,0.16,0.01,-0.25
7291,0.16,0.02,-0.23
7292,0.17,0.03,-0.25
7297,0.17,-0.04,-0.25
7298,0.16,0.00,-0.23
7299,0.19,0.04,-0.26
7303,0.22,0.03,-0.26
7304,0.16,-0.01,-0.21
7308,0.14,-0.00,-0.24
7310,0.17,-0.03,-0.27
7313,0.11,-0.00,-0.27
7314,0.13,0.03,-0.23
7320,0.19,0.05,-0.29
7321,0.22,-0.02,-0.28
7322,0.20,0.01,-0.28
7325,0.20,0.06,-0.30
7328,0.17,-0.01,-0.28
7332,0.14,0.06,-0.27
7333,0.16,0.05,-0.23
7339,0.19,-0.01,-0.30
7341,0.18,0.06,-0.29
7342,0.19,0.02,-0.30
7343,0.19,0.02,-0.31
7344,0.15,0.05,-0.27
7347,0.18,0.06,-0.33
7352,0.16,0.03,-0.26
7358,0.17,0.04,-0.28
7359,0.20,0.03,-0.31
7360,0.17,-0.00,-0.33
7361,0.14,0.05,-0.34
7362,0.15,0.03,-0.30
7365,0.18,0.00,-0.31
7368,0.16,0.01,-0.31
7369,0.14,0.04,-0.30
7373,0.20,0.02,-0.33
7374,0.14,-0.01,-0.34
7378,0.14,0.06,-0.36
7380,0.18,0.05,-0.41
7383,0.17,0.00,-0.39
7386,0.15,0.04,-0.41
7387,0.18,0.02,-0.46
7390,0.17,0.04,-0.47
7394,2.60,-1.77,4.59
7395,42.85,-28.28,-52.36
7398,10.49,-11.85,-22.33
7403,1.59,-2.56,6.96
7404,5.96,-5.77,-0.99
7405,5.64,-5.75,-1.38
7408,5.37,-5.49,-0.89
7409,5.43,-5.58,-1.07
7414,-15.27,-19.71,-42.09
7414,2.32,14.37,31.86
7420,11.92,7.09,12.61
7420,9.49,-4.05,-7.69
7427,18.83,2.46,-34.59
7428,-2.70,-1.08,-22.36
7429,0.89,-0.41,6.27
7430,1.49,0.22,0.76
7433,1.05,0.13,-1.03
7436,1.11,0.18,-0.14
7441,1.12,0.07,-0.20
7442,1.10,0.11,-0.31
7442,1.10,0.12,-0.17
7445,1.12,0.14,-0.30
7449,-15.79,3.04,-34.13
7450,-8.50,2.32,-22.51
7455,3.14,-1.23,7.03
7455,0.58,-0.50,0.01
7460,0.10,0.59,6.22
7460,-2.08,6.08,27.11
7463,0.23,-0.04,-2.63
7465,0.33,-0.43,-1.96
7470,0.10,0.18,0.35
7470,0.13,0.09,-0.33
7473,0.14,0.05,-0.32
7475,0.16,0.07,-0.31
7478,0.17,0.10,-0.32
7479,0.15,0.04,-0.28
7483,0.17,0.11,-0.33
7492,0.15,0.08,-0.21
7500,0.14,0.07,-0.30
7501,0.13,0.11,-0.27
7502,0.26,0.08,-0.35
7503,-0.38,4.18,14.13
7504,0.33,0.88,2.17
7504,0.53,-0.64,-2.14
7505,0.43,-0.13,-0.18
7506,0.48,-0.10,-0.42
7511,-4.82,0.15,-6.46
7512,-17.78,0.44,-41.46
7513,1.55,-0.10,1.61
7515,2.00,0.18,1.99
7519,0.30,0.21,-2.58
7520,11.52,15.14,-26.21
7523,-0.41,-1.90,-62.85
7525,-3.45,-4.10,1.63
7529,0.73,0.96,2.46
7529,0.27,0.17,-1.10
7534,0.07,-0.03,-0.33
7535,0.16,0.04,-0.37
7540,0.16,0.07,-0.34
7540,0.14,0.02,-0.32
7544,0.17,0.10,-0.45
7545,0.13,0.22,-0.69
7548,2.91,2.48,-19.13
7553,2.94,0.98,-18.79
7555,-0.33,-0.32,2.97
7555,0.12,0.12,-0.04
7560,-2.86,-1.58,-24.94
7562,0.46,1.69,-34.08
7563,2.88,0.53,-19.55
7565,-0.04,-0.16,6.40
7569,-0.08,0.12,0.87
7570,0.15,0.29,0.84
7575,-0.84,0.70,-16.38
7575,2.24,0.33,-30.97
7578,0.16,0.14,-1.31
7580,-0.77,0.08,-4.07
7583,-0.07,0.45,-17.29
7588,0.53,0.12,-9.04
7589,0.05,0.34,-7.63
7590,0.30,0.23,-12.24
7594,0.16,0.24,-9.93
7595,0.15,0.25,-9.48
7599,0.33,0.23,-11.00
7601,0.14,0.28,-9.68
7606,0.22,0.20,-10.07
7607,0.18,0.28,-10.68
7608,0.25,0.17,-9.59
7611,0.17,0.30,-10.71
7614,0.27,0.19,-9.83
7616,0.19,0.20,-10.22
7621,0.15,0.29,-10.32
7622,0.28,0.17,-9.95
7624,0.17,0.25,-10.59
7626,0.25,0.19,-9.82
7628,0.15,0.25,-10.46
7632,0.23,0.22,-10.04
7637,0.25,0.27,-10.20
7642,0.17,0.28,-10.37
7643,0.28,0.18,-9.85
7644,0.19,0.29,-10.53
7645,0.23,0.21,-9.93
7646,0.25,0.23,-10.36
7649,0.22,0.28,-10.17
7650,0.20,0.23,-10.08
7654,0.18,0.22,-10.42
7655,0.26,0.20,-9.95
7659,0.14,0.28,-10.53
7661,0.20,0.23,-9.99
7663,0.22,0.25,-10.26
7666,0.17,0.28,-10.24
7670,0.23,0.16,-9.98
7670,0.25,0.28,-10.45
7674,0.26,0.20,-9.99
7675,0.21,0.22,-10.42
7678,0.26,0.25,-10.03
7681,0.19,0.24,-10.08
7687,0.15,0.21,-10.30
7688,0.27,0.21,-10.01
7689,0.17,0.26,-10.38
7693,0.17,0.22,-10.00
7694,0.24,0.25,-10.29
7695,0.23,0.30,-10.08
7702,0.19,0.21,-10.06
7704,0.17,0.22,-10.30
7705,0.21,0.22,-10.00
7706,0.18,0.25,-10.34
7709,0.22,0.24,-10.10
7711,0.20,0.28,-10.25
7714,0.16,0.25,-10.17
7715,0.22,0.21,-10.04
7720,0.17,0.26,-10.29
7720,0.20,0.18,-10.05
7725,0.19,0.23,-10.26
7726,0.27,0.26,-10.11
7729,0.22,0.21,-10.12
7730,0.17,0.25,-10.24
7734,0.24,0.23,-10.02
7739,0.17,0.23,-10.34
7740,0.17,0.23,-10.09
7742,0.24,0.19,-10.26
7744,0.24,0.23,-10.15
7745,0.17,0.23,-10.12
7750,0.25,0.25,-10.26
7755,0.22,0.23,-10.05
7756,0.16,0.24,-10.32
7758,0.22,0.24,-10.17
7759,0.23,0.21,-10.23
7761,0.18,0.24,-10.22
7764,0.22,0.27,-10.10
7766,0.23,0.22,-10.29
7773,0.20,0.23,-10.15
7774,0.22,0.25,-10.33
7775,0.23,0.21,-10.13
7776,0.19,0.23,-10.17
7780,0.22,0.23,-10.24
7781,0.22,0.26,-10.14
7785,0.17,0.22,-10.29
7786,0.16,0.17,-10.10
7788,0.18,0.25,-10.23
7792,0.21,0.25,-10.12
7794,0.20,0.20,-10.13
7796,0.20,0.25,-10.25
7800,0.21,0.22,-10.10
7801,0.18,0.27,-10.28
7805,0.24,0.25,-10.14
7806,0.24,0.20,-10.20
7809,0.20,0.19,-10.16
7811,0.21,0.23,-10.12
7815,0.19,0.26,-10.21
7816,0.19,0.24,-10.07
7822,0.21,0.25,-10.26
7822,0.19,0.20,-10.17
7824,0.20,0.22,-10.17
7826,0.22,0.25,-10.15
7829,0.24,0.22,-10.15
7831,0.20,0.21,-10.26
7835,0.21,0.19,-10.10
7842,0.20,0.19,-10.19
7843,0.18,0.19,-10.13
7843,0.20,0.24,-10.15
7844,0.22,0.28,-10.25
7847,0.20,0.23,-10.14
7849,0.18,0.25,-10.26
7853,0.24,0.25,-10.17
7855,0.27,0.25,-10.19
7856,0.20,0.22,-10.16
7860,0.18,0.25,-10.16
7862,0.20,0.24,-10.19
7864,0.21,0.22,-10.17
7867,0.21,0.25,-10.21
7871,0.26,0.19,-10.12
7872,0.22,0.25,-10.19
7875,0.22,0.22,-10.20
7876,0.21,0.22,-10.15
7880,0.20,0.25,-10.23
7882,0.18,0.27,-10.11
7884,0.19,0.25,-10.14
7889,0.22,0.20,-10.14
7891,0.19,0.21,-10.14
7891,0.20,0.25,-10.24
7895,0.25,0.22,-10.20
7896,0.22,0.22,-10.21
7904,0.19,0.24,-10.08
7905,0.21,0.25,-10.17
7906,0.18,0.29,-10.18
7906,0.21,0.24,-10.13
7910,0.19,0.21,-10.23
7912,0.21,0.25,-10.24
7916,0.19,0.25,-10.19
7916,0.19,0.22,-10.18
7921,0.20,0.27,-10.22
7921,0.16,0.23,-10.17
7925,0.25,0.23,-10.14
7927,0.22,0.25,-10.16
7930,0.19,0.21,-10.15
7932,0.21,0.25,-10.20
7937,0.16,0.25,-10.17
7938,0.15,0.28,-10.15
7940,0.17,0.21,-10.19
7941,0.20,0.24,-10.21
7945,0.17,0.23,-10.25
7946,0.24,0.24,-10.18
7950,0.26,0.26,-10.28
7954,0.18,0.23,-10.16
7955,0.23,0.21,-10.16
7956,0.25,0.25,-10.25
7960,0.23,0.24,-10.19
7962,0.19,0.20,-10.21
7965,0.22,0.22,-10.13
7966,0.21,0.25,-10.15
7970,0.18,0.20,-10.21
7971,0.23,0.22,-10.21
7976,0.20,0.27,-10.20
7977,0.18,0.21,-10.15
7980,0.22,0.23,-10.15
7982,0.23,0.23,-10.16
7987,0.20,0.22,-10.19
7988,0.19,0.23,-10.17
7989,0.21,0.22,-10.14
7992,0.20,0.23,-10.17
7996,0.21,0.25,-10.19
7997,0.25,0.25,-10.21
8000,0.16,0.24,-10.20
8005,0.20,0.24,-10.18
8006,0.23,0.24,-10.19
8007,0.22,0.24,-10.19
8010,0.25,0.24,-10.22
8013,0.22,0.23,-10.12
8015,0.16,0.24,-10.14
8019,0.20,0.24,-10.22
8020,0.20,0.24,-10.13
8022,0.19,0.24,-10.18
8025,0.22,0.23,-10.22
8027,0.22,0.24,-10.17
8035,0.20,0.22,-10.19
8036,0.17,0.20,-10.16
8037,0.19,0.27,-10.23
8038,0.20,0.26,-10.24
8043,0.22,0.21,-10.22
8043,0.18,0.24,-10.14
8044,0.18,0.23,-10.18
8048,0.16,0.20,-10.18
8051,0.20,0.24,-10.15
8054,0.21,0.23,-10.15
8055,0.19,0.18,-10.19
8056,0.19,0.25,-10.18
8060,0.22,0.22,-10.15
8062,0.20,0.18,-10.14
8065,0.20,0.27,-10.15
8070,0.21,0.29,-10.18
8071,0.16,0.25,-10.18
8072,0.19,0.25,-10.20
8077,0.20,0.23,-10.25
8078,0.20,0.21,-10.19
8080,0.18,0.23,-10.20
8082,0.19,0.27,-10.16
8086,0.21,0.22,-10.16
8087,0.20,0.26,-10.18
8091,0.19,0.25,-10.14
8091,0.24,0.20,-10.18
8099,0.24,0.22,-10.18
8100,0.22,0.28,-10.15
8100,0.21,0.22,-10.21
8104,0.18,0.23,-10.19
8104,0.19,0.26,-10.12
8107,0.18,0.22,-10.17
8111,0.18,0.23,-10.11
8112,0.21,0.25,-10.13
8116,0.19,0.22,-10.10
8117,0.24,0.25,-10.10
8122,0.26,0.25,-10.13
8123,0.22,0.22,-10.09
8125,0.19,0.23,-10.02
8128,0.17,0.25,-9.99
8130,0.23,0.25,-10.07
8132,0.25,0.25,-10.07
8137,0.22,0.24,-10.04
8138,0.22,0.19,-10.05
8140,0.21,0.22,-10.08
8143,0.21,0.26,-10.08
8146,0.19,0.23,-10.18
8147,0.19,0.25,-10.25
8150,0.18,0.20,-10.34
8160,0.22,0.22,-10.44
8160,0.21,0.23,-10.43
8162,0.22,0.25,-10.45
8162,0.22,0.25,-10.38
8163,0.20,0.23,-10.30
8165,0.24,0.29,-10.32
8170,0.24,0.22,-10.28
8171,0.24,0.19,-10.22
8172,0.18,0.24,-10.17
8176,0.20,0.23,-10.17
8178,0.23,0.22,-10.18
8181,0.19,0.28,-10.17
8182,0.21,0.23,-10.17
8186,0.23,0.19,-10.15
8187,0.22,0.18,-10.15
8191,0.23,0.21,-10.12
8192,0.20,0.24,-10.16
8197,0.22,0.25,-10.15
8197,0.20,0.26,-10.14
8205,0.28,0.23,-10.16
8206,0.19,0.19,-10.15
8207,0.18,0.24,-10.19
8208,0.18,0.26,-10.20
8212,0.21,0.22,-10.21
8212,0.22,0.24,-10.22
8219,0.24,0.24,-10.21
8222,0.23,0.25,-10.21
8222,0.24,0.23,-10.21
8223,0.20,0.22,-10.16
8227,0.22,0.19,-10.15
8227,0.22,0.23,-10.11
8231,0.22,0.25,-10.10
8233,0.20,0.24,-10.12
8237,0.17,0.25,-10.09
8238,0.21,0.25,-10.15
8240,0.21,0.17,-10.10
8243,0.20,0.25,-10.16
8246,0.20,0.30,-10.16
8249,0.21,0.21,-10.15
8254,0.20,0.23,-10.20
8254,0.16,0.26,-10.15
8255,0.20,0.23,-10.18
8259,0.23,0.25,-10.25
8261,0.18,0.25,-10.20
8263,0.19,0.23,-10.20
8267,0.22,0.22,-10.22
8271,0.20,0.23,-10.23
8272,0.24,0.22,-10.23
8273,0.18,0.19,-10.22
8277,0.22,0.21,-10.23
8278,0.21,0.23,-10.18
8283,0.21,0.24,-10.16
8288,0.23,0.24,-10.18
8290,0.20,0.20,-10.17
8290,0.17,0.23,-10.12
8292,0.19,0.24,-10.12
8292,0.22,0.25,-10.12
8297,0.23,0.22,-10.15
8298,0.17,0.26,-10.17
8300,0.23,0.22,-10.12
8305,0.22,0.22,-10.20
8306,0.21,0.21,-10.15
8309,0.22,0.21,-10.22
8311,0.20,0.22,-10.17
8313,0.18,0.26,-10.13
8317,0.22,0.23,-10.17
8318,0.23,0.21,-10.15
8323,0.22,0.23,-10.16
8324,0.21,0.23,-10.22
8327,0.23,0.22,-10.20
8330,0.22,0.25,-10.20
8331,0.22,0.25,-10.17
8333,0.20,0.22,-10.15
8337,0.21,0.23,-10.15
8338,0.22,0.25,-10.17
8341,0.18,0.27,-10.21
8344,0.24,0.24,-10.21
8350,0.21,0.24,-10.23
8351,0.17,0.24,-10.19
8352,0.21,0.21,-10.21
8353,0.24,0.25,-10.22
8358,0.22,0.21,-10.26
8358,0.19,0.20,-10.20
8361,0.21,0.24,-10.18
8363,0.21,0.23,-10.21
8367,0.21,0.22,-10.20
8371,0.22,0.24,-10.20
8372,0.19,0.22,-10.15
8373,0.22,0.20,-10.20
8378,0.22,0.26,-10.19
8382,0.16,0.22,-10.14
8382,0.20,0.23,-10.16
8383,0.20,0.24,-10.18
8388,0.20,0.19,-10.15
8388,0.23,0.24,-10.18
8392,0.26,0.27,-10.19
8394,0.21,0.23,-10.21
8396,0.19,0.24,-10.15
8398,0.25,0.22,-10.21
8403,0.20,0.22,-10.22
8404,0.21,0.24,-10.12
8405,0.22,0.24,-10.23
8408,0.24,0.22,-10.20
8415,0.19,0.21,-10.20
8416,0.22,0.22,-10.23
8417,0.21,0.23,-10.22
8421,0.20,0.23,-10.19
8422,0.25,0.22,-10.21
8423,0.21,0.22,-10.23
8427,0.21,0.22,-10.17
8429,0.21,0.22,-10.18
8431,0.20,0.22,-10.19
8434,0.22,0.20,-10.20
8438,0.23,0.20,-10.22
8439,0.22,0.24,-10.23
8442,0.22,0.24,-10.17
8443,0.24,0.24,-10.23
8447,0.25,0.25,-10.22
8449,0.23,0.22,-10.19
8451,0.24,0.23,-10.21
8455,0.21,0.12,-10.17
8457,0.13,0.26,-9.41
8460,0.26,0.30,-9.30
8461,0.33,0.36,-13.19
8464,0.16,0.08,-9.84
8466,0.10,0.13,-7.71
8471,0.42,0.27,-11.91
8475,0.41,0.20,-11.31
8476,-0.02,0.28,-8.96
8476,0.01,0.24,-9.22
8479,0.31,0.19,-10.62
8481,0.36,0.26,-10.70
8484,0.22,0.23,-10.17
8487,0.32,0.12,-10.04
8489,0.16,0.27,-9.76
8492,0.29,0.27,-11.12
8493,0.19,0.22,-10.63
8498,0.14,0.20,-9.05
8498,0.16,0.27,-9.77
8501,0.20,0.26,-10.66
8505,0.26,0.20,-10.11
8507,0.21,0.25,-10.24
8509,0.41,0.16,-11.02
8512,0.20,0.25,-9.92
8514,0.18,0.20,-9.70
8517,0.17,0.29,-9.79
8521,0.26,0.27,-10.39
8523,0.25,0.19,-10.18
8523,0.19,0.23,-10.47
8527,0.29,0.15,-10.12
8529,0.21,0.18,-10.17
8535,0.21,0.23,-10.43
8535,0.21,0.26,-10.16
8536,0.22,0.27,-9.78
8540,0.17,0.25,-10.13
8542,0.22,0.29,-10.49
8544,0.22,0.23,-10.20
8547,0.19,0.22,-10.01
8549,0.23,0.19,-10.35
8553,0.24,0.26,-10.43
8554,0.20,0.24,-10.11
8557,0.21,0.24,-9.97
8558,0.20,0.23,-10.16
8563,0.25,0.22,-10.21
8563,0.28,0.19,-10.16
8567,0.26,0.22,-10.16
8571,0.21,0.25,-10.29
8573,0.23,0.23,-10.28
8573,0.23,0.21,-10.08
8578,0.21,0.22,-10.11
8579,0.22,0.23,-10.26
8582,0.19,0.22,-10.16
8586,0.20,0.24,-10.01
8592,0.20,0.27,-10.11
8599,0.24,0.24,-10.33
8600,0.21,0.22,-10.23
8601,0.22,0.20,-9.99
8602,0.25,0.20,-10.15
8602,0.24,0.26,-10.45
8603,0.15,0.25,-10.27
8607,0.20,0.19,-9.97
8608,0.24,0.22,-10.08
8609,0.24,0.26,-10.36
8613,0.22,0.20,-10.17
8613,0.20,0.17,-10.01
8617,0.22,0.24,-10.19
8621,0.21,0.18,-10.38
8622,0.19,0.20,-10.16
8625,0.18,0.20,-10.01
8627,0.24,0.21,-10.21
8629,0.20,0.22,-10.30
8631,0.18,0.19,-10.12
8637,0.18,0.23,-10.10
8640,0.24,0.27,-10.26
8641,0.23,0.26,-10.27
8642,0.22,0.24,-10.11
8644,0.23,0.25,-10.13
8649,0.23,0.25,-10.29
8649,0.21,0.25,-10.17
8652,0.21,0.21,-10.05
8654,0.20,0.24,-10.16
8657,0.20,0.19,-10.26
8659,0.25,0.23,-10.21
8662,0.23,0.20,-10.08
8664,0.22,0.22,-10.18
8668,0.20,0.22,-10.19
8670,0.22,0.20,-10.16
8672,0.32,0.03,-10.12
8674,-0.02,0.22,-9.56
8678,0.45,0.54,-10.87
8679,0.16,0.13,-8.64
8683,0.25,0.36,-11.72
8688,0.26,0.10,-12.48
8688,-0.05,0.10,-7.22
8689,0.36,0.25,-9.16
8693,0.50,0.25,-13.27
8695,0.16,0.23,-10.12
8699,0.02,0.19,-8.85
8700,0.05,0.34,-9.78
8702,0.20,0.24,-10.42
8706,0.34,0.13,-10.06
8707,0.21,0.29,-10.60
8709,0.36,0.07,-10.29
8717,0.10,0.33,-10.23
8719,0.25,0.23,-10.54
8720,0.22,0.25,-9.95
8720,0.09,0.31,-9.43
8722,0.15,0.15,-10.00
8724,0.30,0.23,-10.51
8728,0.27,0.27,-10.28
8729,0.23,0.16,-10.12
8732,0.22,0.22,-10.17
8734,0.27,0.23,-10.24
8738,0.25,0.22,-10.27
8739,0.20,0.20,-10.22
8743,0.26,0.22,-10.20
8745,0.24,0.26,-9.78
8748,0.22,0.31,-10.85
8750,0.16,0.25,-10.37
8753,0.20,0.14,-9.25
8754,0.22,0.31,-10.23
8758,0.29,0.25,-10.86
8760,0.20,0.19,-9.97
8763,0.19,0.19,-9.77
8764,0.27,0.23,-10.53
8768,0.26,0.23,-10.28
8772,0.17,0.21,-9.90
8773,0.24,0.09,-10.32
8775,0.05,0.39,-9.58
8782,0.39,0.36,-10.24
8782,0.29,0.13,-10.96
8783,0.04,0.20,-10.39
8786,0.29,0.22,-10.44
8787,0.21,0.25,-9.09
8790,0.25,0.22,-10.47
8794,0.21,0.22,-10.54
8794,0.24,0.27,-10.40
8800,0.20,0.23,-10.04
8801,0.21,0.24,-9.94
8807,0.23,0.24,-10.04
8808,0.23,0.24,-10.23
8809,0.22,0.21,-10.49
8810,0.13,0.26,-9.77
8813,0.27,0.25,-10.13
8815,0.27,0.27,-10.59
8821,0.24,0.19,-10.38
8822,0.21,0.22,-9.62
8824,0.24,0.26,-10.12
8824,0.22,0.24,-10.45
8829,0.18,0.22,-10.17
8829,0.19,0.21,-9.90
8833,0.23,0.24,-10.21
8838,0.23,0.26,-10.30
8839,0.22,0.23,-10.24
8840,0.23,0.21,-10.28
8851,0.20,0.21,-10.05
8852,0.19,0.21,-9.87
8853,0.23,0.27,-10.22
8854,0.24,0.27,-10.61
8855,0.18,0.14,-9.67
8856,0.17,0.35,-10.01
8861,0.34,0.29,-10.92
8862,0.18,0.23,-10.17
8863,0.21,0.17,-10.30
8865,0.26,0.16,-9.67
8869,0.25,0.23,-10.18
8873,0.26,0.24,-10.48
8874,0.23,0.20,-10.03
8875,0.25,0.20,-9.98
8879,0.21,0.26,-10.37
8880,0.19,0.19,-10.20
8883,0.22,0.24,-9.95
8889,0.26,0.26,-10.22
8890,0.21,0.23,-10.29
8891,0.21,0.22,-10.16
8894,0.24,0.21,-10.14
8895,0.16,0.27,-10.10
8899,0.28,0.20,-10.51
8900,0.13,0.20,-9.92
8904,0.20,0.23,-9.93
8911,0.29,0.21,-11.00
8912,0.18,0.21,-9.99
8913,0.17,0.20,-9.68
8913,0.20,0.22,-10.31
8916,0.24,0.28,-10.42
8922,0.26,0.20,-10.10
8923,0.22,0.21,-9.95
8924,0.21,0.24,-10.22
8925,0.21,0.23,-10.25
8930,0.23,0.20,-10.26
8931,0.20,0.23,-10.01
8934,0.18,0.18,-10.09
8939,0.25,0.23,-9.85
8939,0.23,0.23,-10.05
8941,0.10,0.25,-10.42
8944,0.29,0.26,-11.15
8945,0.14,0.24,-9.71
8948,0.19,0.21,-9.88
8950,0.18,0.21,-10.22
8955,0.23,0.26,-10.28
8956,0.26,0.23,-10.11
8960,0.20,0.23,-10.29
8966,0.20,0.26,-10.23
8967,0.21,0.26,-10.18
8968,0.54,0.42,-9.89
8969,0.71,0.80,-8.83
8970,-0.47,-0.17,-11.61
8974,-0.23,-0.92,-9.71
8975,0.46,1.06,-10.05
8979,0.76,0.22,-10.36
8980,-0.38,0.01,-10.34
8984,0.43,0.20,-9.96
8988,0.45,0.36,-10.21
8990,0.16,0.11,-10.01
8991,0.22,0.18,-10.30
8995,0.27,0.29,-10.18
8996,0.25,0.17,-10.28
8999,0.35,0.19,-10.16
9000,0.97,-0.10,-10.28
9007,0.16,0.11,-10.25
9008,-0.03,0.34,-10.18
9009,0.24,0.00,-10.33
9011,1.15,-0.24,-10.13
9014,-0.59,0.40,-10.05
9015,-2.47,1.81,-9.72
9025,2.88,-0.65,-11.17
9026,-0.48,0.67,-10.48
9027,-0.33,-0.08,-9.59
9028,0.81,0.37,-9.80
9029,0.07,0.28,-10.36
9031,0.09,0.08,-10.51
9034,0.32,0.36,-10.26
9037,0.23,0.16,-10.17
9040,0.06,0.28,-10.45
9041,-1.31,0.85,-9.75
9044,1.38,0.04,-10.40
9045,1.81,-0.30,-11.54
9049,-1.30,0.30,-9.58
9051,0.76,0.16,-9.78
9055,0.21,0.42,-10.17
9056,0.11,0.03,-10.47
9059,0.32,0.33,-10.24
9062,0.19,0.16,-10.05
9063,0.17,0.21,-10.16
9065,0.23,0.21,-10.21
9070,0.26,0.20,-10.15
9077,0.23,0.23,-10.19
9081,0.15,0.23,-10.18
9081,0.21,0.25,-10.18
9082,0.15,0.25,-10.20
9083,0.22,0.25,-10.19
9084,0.21,0.30,-10.20
9087,0.16,0.23,-10.21
9088,0.18,0.27,-10.25
9091,0.18,0.29,-10.19
9094,0.22,0.25,-10.20
9095,0.20,0.23,-10.22
9101,0.14,0.24,-10.15
9102,-0.03,0.33,-10.15
9106,-1.06,1.06,-10.31
9108,-2.50,1.48,-10.06
9109,-2.53,1.80,-10.08
9112,-1.89,2.31,-10.18
9114,-2.07,1.90,-10.11
9116,-1.84,1.32,-10.17
9122,-1.06,0.67,-10.17
9123,-0.83,0.39,-10.25
9125,-1.17,0.31,-9.96
9126,-0.78,0.12,-10.12
9131,-0.43,-0.15,-10.40
9132,-0.36,-0.33,-9.84
9139,-0.02,-0.73,-9.99
9140,0.12,-1.47,-10.11
9140,-0.72,-1.79,-10.60
9145,-1.49,-1.41,-11.10
9146,-1.77,-1.08,-9.36
9147,-0.69,-0.82,-10.16
9149,-0.33,-0.65,-10.14
9151,-0.42,-0.51,-9.75
9155,0.30,-0.35,-10.26
9156,1.22,-0.53,-10.13
9160,1.22,-0.53,-9.52
9161,1.33,-0.02,-11.17
9165,0.82,-0.01,-10.10
9166,0.60,0.11,-9.50
9172,0.93,0.29,-10.90
9172,0.72,0.12,-10.04
9174,0.30,0.26,-9.87
9176,-0.43,0.57,-10.08
9180,0.25,0.75,-10.48
9181,0.46,0.61,-10.32
9184,0.40,0.35,-10.06
9188,-0.43,0.41,-9.88
9190,-1.04,0.59,-10.14
9191,-1.22,0.65,-10.49
9198,-1.93,0.65,-10.19
9199,-2.51,0.68,-10.03
9200,-2.84,0.73,-10.05
9203,-2.94,0.71,-10.64
9204,-3.37,0.57,-10.29
9206,-5.88,0.89,-9.99
9209,-8.96,1.44,-9.76
9211,-6.37,1.05,-10.11
9214,-4.55,0.65,-11.13
9216,-4.61,0.55,-9.41
9221,-3.21,0.27,-10.06
9222,-0.47,-0.15,-10.23
9225,4.22,-0.13,-11.55
9226,9.13,-0.61,-10.11
9230,11.20,-1.52,-9.70
9231,10.57,-1.40,-9.77
9235,11.55,-0.16,-10.96
9244,10.65,0.46,-9.95
9245,8.85,1.04,-9.17
9246,5.85,1.78,-9.47
9247,2.70,2.46,-13.50
9249,-1.36,1.86,-9.77
9255,-2.14,1.15,-10.54
9256,-2.75,0.75,-10.55
9257,-2.85,0.51,-10.09
9258,-1.97,0.29,-11.23
9259,-0.81,-0.04,-11.89
9263,0.13,-0.29,-11.86
9264,-0.11,-0.03,-11.46
9266,-0.08,0.26,-11.20
9270,0.18,0.47,-10.93
9272,-0.08,0.56,-10.50
9274,0.19,0.65,-10.37
9276,0.56,0.57,-10.38
9280,0.73,0.40,-10.59
9281,0.52,0.40,-10.76
9285,0.29,0.31,-10.80
9289,0.45,0.10,-10.88
9291,0.79,0.01,-10.92
9292,0.98,-0.01,-10.80
9294,1.19,0.06,-10.74
9296,1.14,0.18,-10.64
9299,1.08,0.20,-10.50
9303,0.82,0.20,-10.49
9309,0.85,0.12,-10.58
9310,0.73,0.39,-10.86
9310,0.48,0.60,-11.21
9312,0.63,0.53,-11.17
9315,0.72,0.59,-11.19
9317,0.60,0.88,-11.17
9321,0.41,1.19,-10.90
9322,0.16,1.14,-10.53
9325,-0.02,0.90,-10.31
9327,-0.32,0.68,-10.28
9330,-0.54,0.33,-10.26
9332,-0.68,-0.18,-10.40
9335,-0.70,-0.49,-10.65
9339,-0.60,-0.78,-11.01
9340,-0.44,-1.01,-11.44
9342,-0.25,-1.11,-11.84
9346,-0.05,-1.28,-12.20
9347,0.01,-1.44,-12.57
9349,-0.02,-1.60,-12.64
9354,-0.20,-1.76,-12.69
9364,-0.35,-1.93,-12.75
9365,-0.55,-2.10,-12.84
9366,-0.73,-2.27,-12.90
9366,-0.88,-2.39,-13.05
9367,-0.89,-2.43,-13.31
9368,-0.85,-2.33,-13.43
9371,-0.82,-2.23,-13.41
9371,-0.87,-2.16,-13.50
9376,-1.04,-2.02,-13.54
9377,-1.32,-1.86,-13.54
9381,-1.66,-1.71,-13.48
9382,-2.03,-1.61,-13.53
9385,-2.52,-1.59,-13.58
9388,-3.01,-1.47,-13.50
9389,-3.37,-1.33,-13.22
9393,-3.44,-1.25,-12.64
9395,-3.29,-1.13,-11.95
9398,-3.01,-0.91,-11.55
9401,-2.55,-0.68,-11.32
9405,-2.06,-0.49,-11.26
9406,-1.63,-0.35,-11.33
9407,-1.25,-0.21,-11.36
9414,-1.07,-0.09,-11.40
9415,-0.96,-0.03,-11.25
9415,-1.03,0.05,-11.21
9416,-1.12,0.14,-11.05
9422,-1.30,0.31,-10.83
9423,-1.55,0.42,-10.85
9426,-1.90,0.50,-10.83
9426,-2.45,0.46,-10.75
9431,-3.01,0.41,-10.59
9432,-3.51,0.36,-10.48
9435,-3.99,0.30,-10.35
9439,-4.38,0.24,-10.32
9441,-4.58,0.24,-10.33
9443,-4.71,0.36,-10.41
9446,-4.80,0.56,-10.69
9446,-4.79,0.81,-10.97
9451,-4.74,1.05,-11.39
9455,-4.66,1.42,-11.79
9457,-4.38,1.71,-12.03
9458,-4.03,1.86,-12.26
9460,-3.63,1.97,-12.50
9462,-3.38,1.99,-12.76
9470,-3.13,1.95,-12.91
9471,-2.80,1.86,-13.05
9471,-2.49,1.70,-13.20
9472,-2.13,1.54,-13.21
9475,-1.81,1.34,-13.23
9478,-1.59,1.14,-13.11
9480,-1.35,1.00,-13.02
9483,-1.39,0.85,-12.79
9485,-1.47,0.67,-12.66
9488,-1.59,0.53,-12.61
9490,-1.83,0.41,-12.58
9493,-2.30,0.31,-12.60
9495,-2.94,0.28,-12.57
9497,-3.60,0.30,-12.52
9501,-4.32,0.34,-12.57
9505,-5.12,0.40,-12.58
9506,-5.77,0.51,-12.51
9509,-6.30,0.64,-12.48
9510,-6.66,0.66,-12.37
9512,-6.78,0.70,-12.35
9515,-7.06,0.71,-12.41
9522,-7.57,0.81,-12.36
9522,-8.08,0.93,-12.30
9523,-8.53,1.01,-12.28
9526,-8.88,1.02,-12.34
9527,-9.02,0.96,-12.53
9531,-9.02,1.01,-12.85
9532,-9.04,1.03,-13.05
9535,-9.05,0.97,-13.17
9540,-9.11,0.94,-13.22
9541,-9.11,0.78,-13.30
9542,-9.27,0.59,-13.20
9548,-9.45,0.32,-13.15
9549,-9.53,0.08,-13.09
9550,-9.62,-0.10,-13.00
9554,-9.72,-0.31,-12.96
9556,-9.89,-0.50,-12.94
9558,-9.88,-0.63,-13.16
9560,-9.95,-0.77,-13.23
9562,-10.00,-0.87,-13.37
9566,-9.99,-0.93,-13.47
9568,-9.93,-0.95,-13.54
9576,-9.94,-0.91,-13.63
9577,-9.93,-0.93,-13.73
9577,-9.75,-0.97,-13.75
9578,-9.57,-0.98,-13.81
9581,-9.33,-0.95,-13.96
9584,-8.98,-0.90,-14.07
9589,-8.61,-0.75,-14.26
9589,-8.27,-0.49,-14.46
9591,-7.96,-0.23,-14.72
9592,-7.72,0.01,-14.75
9597,-7.53,0.15,-14.70
9597,-7.43,0.28,-14.71
9601,-7.41,0.41,-14.63
9606,-7.36,0.54,-14.47
9607,-7.35,0.69,-14.28
9608,-7.49,0.83,-13.99
9612,-7.68,0.92,-13.72
9613,-8.00,1.01,-13.31
9616,-8.57,0.99,-12.95
9617,-9.10,0.88,-12.67
9622,-9.48,0.74,-12.37
9623,-9.80,0.66,-12.07
9626,-10.00,0.60,-11.90
9632,-10.09,0.55,-11.72
9634,-10.24,0.58,-11.55
9634,-10.35,0.67,-11.44
9638,-10.41,0.81,-11.23
9639,-10.47,0.96,-11.08
9641,-10.50,1.10,-10.94
9643,-10.50,1.25,-10.78
9646,-10.48,1.37,-10.58
9647,-10.41,1.54,-10.43
9651,-10.19,1.68,-10.31
9656,-9.94,1.80,-10.30
9657,-9.55,1.99,-10.20
9658,-9.13,2.20,-10.05
9662,-8.75,2.37,-9.77
9663,-8.39,2.55,-9.49
9666,-8.14,2.73,-9.12
9668,-7.97,2.90,-8.73
9674,-7.68,3.09,-8.34
9675,-7.42,3.25,-7.83
9676,-7.13,3.45,-7.24
9679,-6.89,3.69,-6.66
9686,-6.50,3.93,-6.05
9687,-6.14,4.15,-5.37
9688,-5.80,4.35,-4.76
9689,-5.58,4.50,-4.11
9692,-5.47,4.66,-3.61
9693,-5.48,4.79,-3.36
9696,-5.47,4.90,-3.12
9698,-5.51,5.00,-2.73
9702,-5.58,5.12,-2.30
9703,-5.64,5.25,-1.80
9706,-5.72,5.43,-1.32
9709,-5.76,5.58,-0.99
9712,-5.84,5.74,-0.73
9713,-5.89,5.91,-0.64
9717,-5.93,6.15,-0.60
9719,-5.94,6.27,-0.58
9723,-5.90,6.34,-0.44
9724,-5.90,6.36,-0.33
9727,-5.92,6.31,-0.08
9728,-5.93,6.17,0.18
9731,-5.88,6.06,0.46
9734,-5.82,5.89,0.77
9745,-5.68,5.63,1.00
9746,-5.54,5.44,1.13
9747,-5.49,5.24,1.34
9748,-5.41,5.05,1.53
9749,-5.28,4.93,1.73
9749,-5.11,4.76,1.95
9752,-4.99,4.59,2.13
9755,-4.88,4.44,2.42
9757,-4.75,4.27,2.63
9759,-4.71,4.15,2.92
9762,-4.71,4.08,3.30
9763,-4.69,4.01,3.68
9767,-4.62,3.98,3.92
9769,-4.49,4.08,5.22
9774,-4.41,4.43,8.05
9775,-4.57,4.74,11.00
9777,-4.62,5.02,13.52
9779,-4.63,5.28,15.42
9782,-4.63,5.50,16.11
9783,-4.72,5.69,15.46
9788,-4.81,5.72,13.61
9790,-4.88,5.62,11.38
9797,-5.02,5.39,9.11
9798,-5.16,5.16,7.29
9799,-5.20,5.00,5.91
9799,-5.12,4.96,4.99
9802,-5.01,5.12,4.34
9806,-4.96,5.22,3.90
9807,-4.88,5.27,3.75
9809,-4.89,5.46,3.57
9811,-4.94,5.50,3.59
9814,-4.94,5.46,3.90
9817,-4.95,5.41,4.12
9819,-5.07,5.34,4.46
9823,-5.18,5.26,4.85
9824,-5.33,5.12,5.19
9828,-5.49,5.06,5.54
9829,-5.60,4.99,5.94
9832,-5.64,4.91,6.34
9833,-5.62,4.80,6.70
9838,-5.58,4.61,7.05
9840,-5.46,4.46,7.34
9842,-5.33,4.32,7.54
9843,-5.10,4.09,7.85
9850,-4.83,3.96,8.11
9850,-4.56,3.85,8.38
9851,-4.30,3.73,8.71
9854,-4.10,3.71,8.87
9856,-3.96,3.78,9.09
9860,-3.78,3.91,9.29
9862,-3.61,4.03,9.46
9863,-3.46,4.22,9.71
9867,-3.38,4.55,9.90
9871,-3.34,4.85,9.99
9872,-3.32,5.06,10.06
9873,-3.24,5.26,9.95
9878,-3.16,5.33,9.90
9879,-3.07,5.35,9.78
9883,-3.02,5.18,9.57
9884,-3.01,4.97,9.44
9889,-2.95,4.72,9.37
9890,-2.86,4.40,9.09
9892,-2.87,3.98,8.98
9894,-2.75,3.61,8.78
9897,-2.70,3.28,8.53
9899,-2.71,3.00,8.41
9905,-2.54,2.64,8.45
9906,-2.46,2.42,8.36
9907,-2.22,2.24,8.31
9911,-2.00,2.15,8.30
9912,-1.81,2.13,8.36
9915,-1.58,2.11,8.62
9916,-1.52,2.20,8.83
9919,-1.41,2.33,9.02
9923,-1.26,2.48,9.13
9924,-1.08,2.65,9.39
9927,-1.05,2.87,9.55
9928,-1.09,2.98,9.79
9932,-1.12,3.02,10.07
9934,-1.16,2.94,10.22
9938,-0.98,2.76,10.35
9940,-0.95,2.57,10.46
9942,-1.10,2.40,10.57
9944,-1.36,2.20,10.66
9947,-1.58,2.04,10.64
9949,-1.84,1.79,10.68
9952,-2.07,1.68,10.74
9958,-2.22,1.54,10.57
9963,-2.37,1.47,10.43
9963,-2.45,1.46,10.25
9965,-2.49,1.47,9.98
9966,-2.51,1.47,9.72
9967,-2.52,1.52,9.60
9971,-2.47,1.50,9.46
9973,-2.46,1.47,9.44
9973,-2.46,1.48,9.43
9977,-2.48,1.48,9.57
9979,-2.49,1.48,9.56
9983,-2.62,1.38,9.63
9984,-2.68,1.34,9.74
9988,-2.78,1.27,9.84
9990,-2.78,1.20,9.88
9993,-2.80,1.12,9.93
9993,-2.79,0.99,9.92
9997,-2.77,0.89,9.99
9998,-2.76,0.84,9.95
