1,3.47,5.50,7.22
4,3.51,5.53,7.16
4,3.53,5.54,7.11
7,3.55,5.50,7.07
14,3.53,5.46,7.08
14,3.59,5.49,7.04
15,3.59,5.53,7.08
18,3.56,5.56,7.10
20,3.56,5.57,7.17
23,3.59,5.59,7.16
31,3.63,5.63,7.18
32,3.62,5.63,7.18
33,3.57,5.58,7.18
33,3.67,5.58,7.15
36,3.67,5.55,7.20
38,3.64,5.54,7.16
40,3.64,5.56,7.20
50,3.64,5.58,7.28
50,3.63,5.58,7.31
50,3.61,5.60,7.35
50,3.62,5.62,7.43
53,3.64,5.60,7.38
55,3.63,5.60,7.40
64,3.65,5.60,7.42
64,3.67,5.63,7.36
64,3.68,5.63,7.32
64,3.71,5.62,7.31
70,3.68,5.59,7.34
70,3.75,5.51,7.29
72,3.73,5.51,7.35
79,3.60,5.50,7.40
80,3.59,5.56,7.39
80,3.56,5.56,7.43
84,3.52,5.53,7.48
85,3.47,5.57,7.50
88,3.48,5.53,7.55
90,3.44,5.48,7.55
97,3.39,5.44,7.57
98,3.41,5.44,7.62
98,3.36,5.38,7.64
100,3.31,5.41,7.62
103,3.25,5.53,7.69
105,3.19,5.52,7.73
113,3.24,5.49,7.78
113,3.21,5.48,7.77
113,3.23,5.46,7.76
116,3.26,5.43,7.76
119,3.30,5.44,7.76
120,3.25,5.45,7.81
123,3.29,5.46,7.74
131,3.28,5.47,7.77
131,3.33,5.52,7.81
132,3.37,5.52,7.80
133,3.36,5.47,7.80
136,3.34,5.49,7.83
138,3.39,5.45,7.75
140,3.40,5.43,7.72
148,3.40,5.45,7.70
148,3.38,5.49,7.71
148,3.30,5.53,7.78
151,3.27,5.52,7.77
153,3.26,5.52,7.80
156,3.24,5.53,7.75
165,3.22,5.52,7.77
166,3.22,5.53,7.82
166,3.25,5.55,7.77
166,3.19,5.56,7.71
168,3.12,5.53,7.82
170,3.17,5.49,7.73
173,3.18,5.48,7.68
183,3.14,5.45,7.66
184,3.10,5.46,7.76
184,3.05,5.45,7.77
185,3.03,5.47,7.84
185,2.99,5.49,7.83
187,3.00,5.55,7.83
190,3.03,5.51,7.84
197,3.02,5.49,7.84
198,2.99,5.48,7.90
198,3.00,5.46,7.88
200,3.00,5.45,7.85
202,2.96,5.44,7.95
205,2.98,5.42,7.90
214,3.01,5.43,7.83
215,2.98,5.48,7.80
215,3.01,5.46,7.86
216,2.97,5.40,7.87
218,2.97,5.45,7.81
220,2.94,5.50,7.78
223,2.93,5.48,7.80
231,2.93,5.49,7.76
232,2.93,5.49,7.75
232,2.91,5.47,7.74
233,2.90,5.48,7.71
235,2.91,5.48,7.69
237,2.90,5.45,7.72
248,2.89,5.48,7.64
248,2.88,5.47,7.64
249,2.88,5.51,7.66
250,2.90,5.52,7.71
250,2.88,5.49,7.70
253,2.96,5.48,7.68
255,3.01,5.51,7.64
267,2.98,5.50,7.68
267,3.01,5.47,7.67
267,3.06,5.42,7.60
268,3.10,5.41,7.59
268,3.03,5.40,7.65
270,3.03,5.39,7.65
273,3.04,5.42,7.59
281,3.08,5.42,7.51
281,3.02,5.37,7.59
282,3.01,5.38,7.53
283,3.08,5.41,7.50
285,2.99,5.35,7.57
288,2.97,5.33,7.58
298,2.95,5.34,7.58
299,2.91,5.39,7.53
300,2.90,5.40,7.59
300,2.94,5.42,7.63
301,2.92,5.41,7.62
303,2.94,5.42,7.59
306,2.99,5.44,7.56
315,2.98,5.44,7.57
316,3.01,5.51,7.53
317,3.06,5.54,7.51
317,3.09,5.52,7.52
318,3.07,5.53,7.53
320,3.10,5.52,7.46
323,3.15,5.55,7.50
331,3.18,5.53,7.48
332,3.25,5.50,7.49
332,3.25,5.53,7.51
333,3.31,5.50,7.56
335,3.35,5.52,7.45
338,3.38,5.50,7.49
348,3.39,5.52,7.51
349,3.36,5.57,7.53
349,3.37,5.63,7.55
350,3.39,5.63,7.53
350,3.42,5.59,7.46
354,3.34,5.56,7.47
364,3.38,5.60,7.34
366,3.40,5.58,7.28
366,3.41,5.58,7.32
367,3.38,5.63,7.28
367,3.36,5.66,7.23
369,3.33,5.70,7.22
370,3.35,5.64,7.14
374,3.37,5.60,7.13
382,3.37,5.54,7.14
383,3.36,5.56,7.16
383,3.37,5.62,7.20
384,3.42,5.66,7.26
386,3.48,5.69,7.21
388,3.60,5.73,7.26
398,3.69,5.68,7.30
399,3.81,5.63,7.26
400,3.93,5.55,7.35
400,4.04,5.52,7.39
401,4.05,5.49,7.47
404,4.18,5.52,7.40
417,4.24,5.53,7.47
418,4.27,5.61,7.47
419,4.36,5.66,7.48
420,4.43,5.67,7.45
421,4.49,5.71,7.43
422,4.52,5.67,7.33
433,4.57,5.66,7.27
433,4.63,5.65,7.25
434,4.65,5.65,7.18
434,4.65,5.68,7.26
435,4.70,5.67,7.12
437,4.68,5.76,7.11
437,4.66,5.85,7.11
440,4.61,5.97,7.09
449,4.65,6.04,7.03
450,4.73,6.03,7.00
450,4.75,5.98,6.88
451,4.75,5.94,6.81
451,4.79,5.91,6.72
459,4.84,5.90,6.65
459,4.85,5.86,6.60
466,4.85,5.80,6.63
466,4.87,5.81,6.58
466,4.84,5.87,6.53
467,4.79,5.83,6.55
468,4.69,5.88,6.68
470,4.70,6.10,6.62
479,4.72,6.09,6.48
480,4.61,6.15,6.49
480,4.62,6.26,6.61
481,4.58,6.38,6.51
483,4.61,6.45,6.41
486,4.55,6.46,6.34
489,4.56,6.38,6.37
498,4.56,6.32,6.32
499,4.60,6.35,6.24
499,4.67,6.31,6.20
500,4.64,6.33,6.18
501,4.66,6.42,6.12
504,4.67,6.53,6.14
507,4.68,6.64,6.10
516,4.74,6.69,6.03
517,4.84,6.74,5.95
517,4.99,6.73,5.86
518,5.07,6.68,5.84
520,5.14,6.54,5.72
522,5.30,6.61,5.67
532,5.53,6.81,5.55
533,5.58,6.87,5.45
533,5.71,6.84,5.45
534,5.84,6.79,5.39
534,5.91,6.81,5.33
537,6.01,6.79,5.33
540,6.08,6.76,5.23
550,6.17,6.73,5.28
551,6.19,6.61,5.18
551,6.25,6.46,5.15
552,6.28,6.40,5.17
552,6.19,6.41,5.01
554,6.15,6.46,4.81
564,6.15,6.53,4.93
564,6.12,6.82,5.12
565,6.06,7.06,4.83
566,6.03,7.21,4.45
566,5.96,7.23,4.43
569,5.79,7.38,4.36
571,5.60,7.31,3.87
582,5.31,7.21,3.49
582,4.36,6.86,3.36
583,4.08,6.96,3.11
583,4.42,7.27,3.11
584,4.65,7.66,2.35
586,4.72,7.74,1.86
589,4.67,7.68,1.95
598,4.45,7.60,1.60
599,4.22,7.51,1.36
599,3.74,8.18,1.46
600,3.46,8.11,1.21
601,3.46,7.76,1.06
604,3.12,7.65,0.91
617,3.14,7.54,0.62
617,3.06,7.37,0.44
619,3.13,7.13,-0.00
620,2.99,6.75,-0.31
620,3.12,6.33,-0.41
621,3.17,6.06,-0.58
622,3.29,5.85,-1.04
633,3.40,5.70,-1.16
634,3.56,5.51,-1.19
635,3.61,5.32,-1.26
635,3.63,5.44,-1.51
636,3.83,5.66,-1.84
638,3.81,5.84,-2.01
650,3.84,5.98,-2.30
651,3.93,6.28,-2.57
651,3.91,6.44,-2.90
652,3.95,6.58,-3.23
652,3.89,6.51,-3.48
653,3.71,6.39,-3.62
654,3.65,6.33,-3.70
666,3.49,6.55,-3.78
667,3.35,6.36,-4.03
667,3.27,6.02,-4.07
668,3.22,5.91,-3.95
668,3.01,5.76,-4.15
670,2.94,5.43,-4.32
671,2.81,5.08,-4.22
680,2.78,4.69,-4.54
680,2.52,4.32,-4.57
681,2.45,3.91,-4.54
682,2.32,3.58,-4.43
684,1.91,3.02,-3.85
686,1.84,2.65,-3.79
697,1.55,2.52,-4.36
698,1.42,2.11,-4.31
698,1.33,1.95,-3.84
699,1.03,1.91,-3.84
699,0.86,1.96,-3.81
702,0.76,2.04,-3.49
705,0.57,2.12,-3.04
716,0.52,2.16,-2.48
717,0.34,2.41,-2.14
717,0.17,2.68,-2.13
717,0.04,2.99,-1.87
718,-0.20,3.32,-1.72
720,-0.29,3.62,-1.63
722,-0.56,3.76,-1.46
731,-0.55,3.62,-1.18
731,-0.49,3.67,0.22
732,-0.64,3.61,-0.65
732,-0.73,3.29,-1.60
735,-0.74,2.54,-1.76
738,-0.08,1.36,-1.51
751,-0.15,-0.24,-2.07
752,-0.25,0.07,-4.97
753,0.60,-0.17,-2.00
753,-0.47,0.75,3.55
755,-0.98,3.55,-2.14
758,-2.07,4.29,-6.26
758,-0.93,4.18,-1.24
768,-0.20,3.13,0.96
769,0.08,2.13,-1.59
770,0.60,2.23,-2.48
770,0.65,2.46,-3.04
771,0.69,2.81,-2.04
776,0.98,3.21,-1.40
776,0.82,3.72,-1.18
782,1.10,4.17,-1.19
783,1.07,4.53,-1.53
783,1.55,4.18,-2.16
783,1.63,3.36,-2.39
789,1.82,2.71,-2.23
789,1.91,2.16,-2.53
797,2.00,1.98,-2.94
797,1.90,2.10,-3.47
797,2.01,2.20,-4.32
798,2.04,2.35,-4.88
800,1.88,2.48,-5.95
802,1.78,2.22,-7.02
805,1.61,1.47,-7.45
815,1.26,0.77,-8.26
815,0.94,-0.11,-9.20
816,0.84,-1.21,-9.89
816,0.62,-1.63,-10.53
819,0.26,-1.82,-11.71
821,-0.34,-2.34,-12.32
823,-0.63,-2.50,-12.71
832,0.44,-1.17,-13.28
833,-0.20,-0.88,-13.94
833,-1.26,-0.19,-15.52
833,-0.50,0.83,-15.53
836,-0.52,0.77,-14.47
839,-0.73,0.62,-14.53
850,-0.43,0.19,-14.85
850,-0.59,-0.34,-15.44
851,-0.88,-0.65,-15.98
851,-0.76,-0.78,-15.81
851,-0.71,-0.77,-15.65
853,-0.67,-0.74,-15.76
857,-0.61,-0.59,-15.98
868,-0.56,-0.38,-16.26
869,-0.51,-0.17,-16.52
869,-0.46,-0.09,-16.67
869,-0.43,-0.15,-16.86
870,-0.55,-0.23,-17.03
872,-0.60,-0.45,-17.29
873,-0.53,-0.74,-17.69
882,-0.23,-1.03,-18.13
882,-0.16,-1.02,-18.44
883,-0.54,-0.72,-18.68
883,-0.69,-0.39,-18.79
886,-0.82,0.01,-18.88
888,-1.04,0.34,-18.93
898,-1.00,0.57,-18.96
899,-1.05,0.65,-18.89
900,-1.13,0.82,-18.95
900,-1.42,0.91,-19.27
901,-1.75,0.81,-19.65
903,-2.06,0.72,-19.73
906,-2.46,0.69,-19.86
915,-2.72,0.66,-20.03
916,-2.97,0.66,-19.88
916,-3.10,0.47,-19.90
917,-3.24,0.45,-20.07
918,-3.48,0.62,-19.95
920,-3.41,0.61,-19.63
922,-3.37,0.74,-19.63
930,-3.49,0.97,-19.82
930,-3.58,1.18,-19.79
931,-3.57,1.41,-19.70
932,-3.46,1.51,-19.53
935,-3.45,1.79,-19.50
938,-3.53,2.23,-19.47
941,-3.31,2.37,-19.44
948,-3.20,2.44,-19.33
949,-3.20,2.66,-19.21
949,-3.21,2.85,-19.09
951,-3.23,3.00,-19.16
952,-3.27,3.11,-19.19
956,-3.35,3.16,-19.16
965,-3.38,3.18,-19.09
966,-3.50,3.24,-18.84
967,-3.41,3.29,-18.59
967,-3.51,3.56,-18.50
968,-3.57,3.55,-18.37
971,-3.37,3.36,-18.16
973,-3.38,3.49,-17.90
982,-3.40,3.62,-17.51
983,-3.32,3.52,-17.20
984,-3.29,3.47,-16.94
984,-3.28,3.47,-16.51
986,-3.17,3.39,-16.14
999,-3.10,3.40,-15.81
999,-3.05,3.43,-15.43
1000,-3.06,3.42,-15.07
1001,-2.97,3.32,-14.59
1002,-2.85,3.20,-13.94
1002,-2.72,3.18,-13.37
1004,-2.78,3.47,-13.05
1006,-2.81,3.58,-12.80
1015,-2.56,3.30,-12.26
1016,-2.54,3.17,-11.63
1016,-2.56,3.10,-11.09
1016,-2.45,2.93,-10.55
1019,-2.38,2.77,-9.99
1021,-2.38,2.66,-9.48
1024,-2.34,2.60,-8.86
1032,-2.21,2.54,-8.29
1032,-2.17,2.44,-7.77
1033,-2.06,2.24,-7.20
1033,-1.81,1.75,-6.61
1036,-1.79,2.00,-5.86
1038,-1.85,2.17,-5.19
1048,-1.62,2.23,-4.69
1049,-1.63,2.37,-4.02
1049,-1.44,2.47,-3.43
1050,-1.30,2.03,-3.04
1051,-1.13,1.93,-2.60
1053,-1.10,1.48,-2.03
1067,-0.88,-0.44,-1.77
1067,-0.20,-0.18,-1.72
1068,-0.48,1.11,-1.01
1068,-0.57,1.78,-0.07
1069,-0.55,2.36,0.32
1070,-0.49,2.30,0.74
1071,-0.19,2.65,1.24
1081,0.08,2.67,1.44
1082,0.25,1.25,1.16
1083,0.60,0.62,0.47
1083,0.29,1.50,-0.33
1084,0.73,1.51,1.44
1087,0.85,2.05,2.36
1088,0.79,2.48,0.46
1099,1.03,2.57,1.15
1099,1.48,1.91,1.84
1100,1.37,2.02,-0.34
1100,1.33,1.72,-0.67
1102,1.32,1.46,2.19
1103,1.73,1.68,2.60
1116,1.57,1.78,1.41
1117,1.81,1.95,2.10
1117,1.98,2.15,2.13
1118,2.13,2.29,1.06
1118,2.44,2.21,1.73
1119,2.54,2.24,1.94
1121,2.63,2.29,1.34
1131,2.80,2.45,1.89
1132,3.17,2.57,2.12
1132,3.26,2.75,2.02
1133,3.25,3.02,2.41
1133,3.46,3.31,2.47
1141,3.61,3.63,2.51
1141,3.83,3.87,2.84
1148,3.96,4.06,2.88
1148,3.89,4.09,2.89
1149,3.86,3.99,2.94
1149,3.74,3.75,2.79
1151,3.58,3.40,2.62
1153,3.38,3.01,2.41
1156,3.16,2.50,2.17
1164,3.01,2.00,1.95
1165,2.87,1.53,1.71
1165,2.61,0.98,1.36
1166,2.28,0.53,1.14
1169,1.92,0.07,0.67
1171,1.47,-0.48,0.11
1181,1.15,-1.41,-0.24
1182,0.77,-2.55,-0.90
1182,0.07,-3.65,-1.93
1183,-0.57,-4.59,-2.81
1183,-1.28,-5.48,-3.55
1187,-2.08,-6.18,-4.73
1191,-2.32,-6.35,-5.74
1199,-2.84,-6.24,-6.64
1199,-3.53,-6.27,-7.73
1199,-4.10,-5.87,-8.81
1200,-4.51,-4.83,-9.29
1203,-4.57,-3.88,-9.65
1205,-4.79,-3.27,-10.57
1208,-4.77,-2.67,-11.22
1215,-4.55,-2.07,-11.54
1216,-4.84,-1.78,-12.37
1216,-4.93,-1.71,-13.38
1218,-4.69,-1.66,-14.12
1220,-4.51,-1.72,-14.66
1222,-4.46,-1.88,-15.23
1232,-4.41,-2.14,-15.83
1233,-4.55,-2.51,-16.47
1233,-4.61,-2.55,-17.03
1234,-4.44,-2.50,-17.34
1234,-4.11,-2.40,-17.63
1237,-3.90,-2.08,-17.98
1240,-3.61,-1.63,-18.19
1248,-3.27,-1.59,-18.38
1249,-3.06,-1.41,-18.41
1249,-2.79,-1.35,-18.43
1250,-2.50,-1.66,-18.47
1253,-2.11,-1.76,-18.34
1255,-1.86,-1.61,-18.21
1257,-1.45,-1.54,-17.99
1264,-0.97,-1.07,-17.65
1265,-0.67,-0.41,-17.13
1265,-0.31,-0.11,-16.64
1267,0.13,-0.04,-16.20
1270,0.38,0.22,-15.74
1272,0.60,0.37,-15.39
1282,0.92,0.35,-15.01
1282,1.09,0.37,-14.60
1283,1.39,0.70,-14.17
1283,1.70,0.71,-13.73
1285,2.05,0.72,-13.49
1288,2.34,0.91,-13.17
1301,2.48,1.13,-12.88
1302,2.66,1.33,-12.70
1302,2.69,1.64,-12.46
1303,2.56,1.90,-12.17
1303,2.53,1.97,-12.18
1303,2.43,1.53,-12.29
1305,2.33,1.57,-12.32
1308,2.08,1.58,-12.38
1319,1.87,1.04,-12.54
1320,1.69,0.50,-12.43
1321,1.49,0.41,-12.24
1321,1.17,0.41,-12.24
1322,0.87,0.44,-12.31
1323,0.56,0.55,-12.32
1331,0.21,0.60,-12.36
1332,-0.36,1.32,-12.28
1332,-0.59,1.89,-11.95
1333,-0.55,1.53,-12.14
1335,-0.97,1.71,-12.76
1336,-1.20,-0.32,-13.10
1340,-1.67,-0.91,-13.42
1347,-2.26,-0.45,-13.51
1348,-2.46,-0.35,-13.45
1349,-2.52,0.07,-13.07
1349,-2.60,1.57,-12.79
1352,-2.57,0.46,-13.18
1354,-2.66,-0.12,-13.48
1366,-2.88,0.66,-13.15
1366,-3.12,0.76,-13.44
1367,-2.94,0.20,-13.63
1367,-2.79,0.13,-13.25
1368,-2.72,0.27,-13.49
1369,-2.45,0.37,-13.77
1372,-2.22,0.37,-13.62
1381,-2.15,0.02,-13.58
1382,-1.98,-0.26,-13.66
1383,-1.84,-0.12,-13.59
1383,-1.64,-0.01,-13.50
1384,-1.50,0.34,-13.39
1387,-1.27,0.33,-13.44
1399,-0.99,0.04,-13.50
1399,-0.94,0.09,-13.46
1400,-0.87,0.00,-13.37
1401,-0.67,0.01,-13.42
1402,-0.53,0.14,-13.38
1403,-0.33,0.18,-13.38
1404,-0.11,0.21,-13.23
1419,0.14,0.14,-13.02
1420,0.32,0.06,-12.85
1421,0.47,0.28,-12.72
1422,0.57,0.45,-12.74
1423,0.71,0.66,-12.91
1423,0.87,0.82,-12.96
1424,0.97,0.84,-12.84
1425,1.05,0.85,-12.73
1434,1.09,0.98,-12.64
1435,1.08,1.01,-12.71
1435,1.03,0.94,-12.87
1437,1.05,0.88,-12.94
1438,0.96,0.84,-13.05
1450,0.82,0.77,-13.27
1451,0.70,0.71,-13.54
1451,0.53,0.65,-13.69
1452,0.42,0.63,-13.88
1453,0.36,0.61,-14.10
1454,0.25,0.53,-14.23
1455,0.16,0.49,-14.33
1466,0.05,0.48,-14.43
1467,-0.05,0.52,-14.48
1468,-0.19,0.52,-14.64
1468,-0.26,0.49,-14.69
1469,-0.34,0.43,-14.70
1469,-0.44,0.32,-14.80
1473,-0.56,0.27,-14.83
1481,-0.57,0.22,-14.79
1482,-0.61,0.13,-14.77
1482,-0.65,0.08,-14.66
1483,-0.62,0.08,-14.58
1485,-0.64,0.09,-14.36
1493,-0.64,0.18,-14.10
1493,-0.57,0.15,-13.77
1493,-0.50,0.13,-13.55
1500,-0.41,0.17,-13.26
1500,-0.31,0.23,-13.07
1501,-0.27,0.26,-12.85
1504,-0.22,0.28,-12.78
1506,-0.16,0.26,-12.72
1515,-0.14,0.25,-12.69
1516,-0.13,0.16,-12.64
1516,-0.06,0.15,-12.60
1516,-0.01,0.21,-12.57
1518,0.13,0.28,-12.45
1521,0.13,0.38,-12.39
1524,0.17,0.47,-12.31
1531,0.17,0.56,-12.31
1532,0.19,0.64,-12.24
1532,0.19,0.62,-12.22
1533,0.16,0.68,-12.25
1536,0.09,0.70,-12.32
1539,0.11,0.70,-12.50
1549,0.05,0.66,-12.64
1550,-0.08,0.59,-12.73
1551,-0.11,0.55,-12.80
1551,-0.16,0.53,-13.00
1551,-0.15,0.52,-13.08
1554,-0.23,0.51,-13.16
1556,-0.27,0.50,-13.14
1567,-0.25,0.48,-13.19
1568,-0.32,0.46,-13.16
1568,-0.32,0.44,-13.10
1568,-0.32,0.37,-13.03
1569,-0.30,0.36,-13.05
1571,-0.25,0.31,-13.07
1574,-0.19,0.22,-13.05
1584,-0.11,0.18,-13.01
1584,-0.01,0.16,-12.92
1585,0.09,0.22,-12.75
1585,0.13,0.25,-12.72
1586,0.15,0.23,-12.64
1589,0.14,0.25,-12.62
1590,0.12,0.22,-12.54
1598,0.08,0.19,-12.51
1598,0.03,0.17,-12.36
1599,0.01,0.16,-12.36
1601,-0.02,0.14,-12.31
1604,-0.10,0.16,-12.40
1606,-0.12,0.08,-12.46
1617,-0.16,0.02,-12.46
1617,-0.20,-0.03,-12.41
1618,-0.19,-0.11,-12.52
1618,-0.19,-0.15,-12.52
1619,-0.19,-0.24,-12.52
1621,-0.08,-0.27,-12.48
1631,0.02,-0.30,-12.42
1631,0.03,-0.24,-12.33
1632,0.12,-0.20,-12.22
1632,0.19,-0.24,-12.17
1633,0.28,-0.25,-12.06
1635,0.32,-0.23,-12.01
1638,0.44,-0.22,-11.91
1647,0.55,-0.24,-11.82
1648,0.60,-0.26,-11.59
1648,0.66,-0.26,-11.51
1649,0.71,-0.21,-11.47
1650,0.74,-0.22,-11.44
1653,0.77,-0.24,-11.51
1656,0.74,-0.33,-11.49
1665,0.72,-0.44,-11.52
1666,0.71,-0.60,-11.60
1667,0.68,-0.68,-11.62
1668,0.57,-0.71,-11.64
1669,0.38,-0.64,-11.73
1670,0.20,-0.65,-11.91
1682,0.04,-0.71,-12.00
1683,-0.16,-0.83,-12.24
1684,-0.32,-1.09,-12.41
1685,-0.45,-1.35,-12.55
1686,-0.47,-1.50,-12.75
1687,-0.46,-1.50,-12.81
1689,-0.45,-1.47,-12.90
1701,-0.36,-1.45,-13.16
1702,-0.26,-1.49,-13.26
1703,-0.19,-1.50,-13.28
1704,-0.06,-1.58,-13.28
1704,0.05,-1.53,-13.29
1705,0.10,-1.44,-13.36
1707,0.22,-1.38,-13.43
1716,0.32,-1.29,-13.55
1716,0.40,-1.30,-13.75
1717,0.48,-1.31,-14.00
1717,0.58,-1.35,-14.36
1718,0.70,-1.34,-14.79
1721,0.84,-1.34,-15.20
1733,1.01,-1.26,-15.46
1734,1.09,-0.95,-15.75
1735,1.18,-0.65,-15.99
1735,1.16,-0.48,-16.25
1736,1.21,-0.33,-16.60
1736,1.21,-0.25,-17.14
1739,1.18,-0.23,-17.75
1751,1.17,-0.26,-18.35
1752,1.34,-0.41,-19.10
1752,1.35,-0.53,-19.86
1753,1.49,-0.50,-20.59
1753,1.57,-0.53,-21.32
1754,1.60,-0.54,-22.11
1756,1.65,-0.45,-22.89
1764,1.66,-0.33,-23.59
1768,1.60,-0.22,-24.35
1772,1.59,-0.17,-25.30
1773,1.63,-0.22,-26.34
1775,1.74,-0.29,-27.40
1776,2.04,-0.38,-28.38
1779,2.14,-0.57,-29.46
1780,2.58,-0.59,-30.46
1780,2.98,-0.60,-31.21
1784,3.40,-0.58,-32.03
1784,3.74,-0.50,-32.76
1786,4.09,-0.30,-33.42
1789,4.36,-0.19,-34.22
1799,4.84,-0.14,-34.80
1799,5.33,-0.20,-35.08
1799,5.90,-0.23,-35.69
1800,6.74,0.09,-36.01
1802,7.43,0.57,-36.43
1805,7.94,1.03,-36.66
1807,8.31,1.38,-36.80
1816,8.66,1.60,-36.94
1816,8.87,1.81,-36.90
1817,8.91,2.09,-36.72
1817,8.78,2.35,-36.30
1819,8.67,2.57,-35.91
1822,8.43,2.90,-35.37
1831,8.04,3.13,-34.78
1832,7.63,3.37,-34.22
1832,7.20,3.57,-33.67
1833,6.60,3.64,-33.21
1838,5.97,3.58,-32.62
1838,5.25,3.55,-32.03
1839,4.47,3.58,-31.19
1848,3.75,3.74,-30.29
1848,3.09,3.93,-29.36
1849,2.52,3.98,-28.42
1849,1.86,3.82,-27.62
1852,1.28,3.53,-26.79
1855,0.75,2.97,-25.91
1865,0.31,2.34,-24.88
1866,-0.32,1.78,-23.62
1866,-0.83,1.57,-21.90
1867,-3.56,-3.83,-1.54
1867,-25.80,-39.02,58.73
1869,-2.58,51.29,-11.54
1872,-0.05,50.43,-78.95
1888,23.19,-31.20,-78.95
1888,-12.40,-72.41,-26.23
1889,-32.74,-56.50,-18.04
1890,-20.58,8.82,-63.92
1893,-18.73,49.36,-78.95
1893,-15.52,41.20,-67.18
1894,-6.72,10.82,-59.39
1895,3.98,-7.30,-68.78
1896,7.86,-4.20,-53.85
1896,8.35,4.36,-39.26
1902,5.89,8.10,-36.97
1903,1.75,7.11,-33.45
1904,1.64,1.70,-25.47
1906,3.12,-6.26,-18.01
1914,3.48,-10.93,-10.43
1914,3.46,-10.97,-1.46
1915,3.01,-8.98,5.27
1916,2.30,-6.89,10.14
1918,2.34,-5.58,14.94
1921,4.49,-4.24,26.75
1930,4.91,-4.89,27.99
1931,2.77,-7.33,25.39
1932,0.17,-8.09,24.58
1932,-1.54,-6.61,24.65
1933,-1.81,-6.17,28.09
1935,-2.42,-6.15,29.22
1939,-3.19,-5.85,25.89
1947,-3.87,-5.62,23.74
1948,-4.53,-5.68,22.10
1949,-4.95,-5.90,19.92
1950,-5.23,-5.97,17.43
1951,-5.52,-5.70,14.90
1954,-5.68,-5.37,12.76
1956,-5.51,-4.94,10.74
1964,-5.44,-4.84,8.94
1964,-5.16,-5.08,7.16
1966,-4.60,-5.03,5.58
1966,-3.92,-5.02,4.16
1970,-3.06,-5.16,2.90
1971,-2.13,-5.27,1.91
1982,-1.59,-5.30,0.89
1984,-1.15,-5.58,0.14
1986,-0.66,-5.88,-0.41
1986,-0.18,-6.19,-0.75
1987,0.30,-6.55,-0.76
1988,0.77,-6.77,-0.74
1989,1.12,-6.91,-0.67
1999,1.57,-7.05,-0.61
2000,1.98,-7.27,-0.61
2000,2.25,-7.38,-0.46
2001,2.52,-7.54,-0.35
2003,2.83,-7.63,-0.37
2005,3.06,-7.65,-0.54
2007,3.24,-7.63,-0.62
2017,3.34,-7.62,-0.80
2018,3.38,-7.60,-1.01
2020,3.35,-7.67,-1.15
2021,3.38,-7.63,-1.28
2022,3.44,-7.49,-1.42
2023,3.33,-7.52,-1.57
2031,3.31,-7.55,-1.49
2032,3.22,-7.47,-1.19
2032,3.03,-7.41,-0.73
2032,2.83,-7.30,-0.22
2035,2.57,-7.16,0.23
2037,2.30,-7.12,0.54
2040,2.06,-7.09,0.79
2047,1.87,-7.01,0.97
2048,1.57,-6.85,1.13
2048,1.34,-6.59,1.29
2049,1.16,-6.27,1.43
2054,0.96,-5.89,1.37
2055,0.75,-5.51,1.23
2066,0.63,-5.08,1.05
2067,0.48,-4.60,0.80
2067,0.48,-4.17,0.40
2068,0.44,-3.72,0.00
2068,0.37,-3.18,-0.51
2070,0.29,-2.55,-0.98
2072,0.25,-1.83,-1.57
2083,0.18,-1.06,-2.00
2084,-0.02,-0.33,-2.57
2084,-0.31,0.46,-3.16
2085,-0.59,1.10,-3.69
2085,-0.71,1.54,-4.16
2088,-1.35,1.80,-4.76
2102,-1.70,2.14,-5.39
2102,-1.90,2.37,-5.68
2103,-2.59,2.33,-6.30
2103,-3.28,2.30,-6.96
2104,-4.11,2.11,-7.37
2104,-5.04,1.95,-7.45
2105,-5.93,1.85,-7.22
2107,-6.82,1.74,-6.69
2117,-7.65,1.66,-6.30
2118,-8.52,1.59,-5.96
2119,-9.22,1.45,-5.51
2119,-9.72,1.12,-5.15
2121,-9.97,0.66,-4.92
2124,-9.93,0.19,-4.84
2124,-9.78,-0.23,-4.78
2132,-9.46,-0.48,-4.68
2133,-9.01,-0.66,-4.59
2134,-8.44,-0.82,-4.58
2136,-7.99,-0.90,-4.60
2138,-7.42,-1.03,-4.64
2154,-6.80,-1.09,-4.71
2154,-6.21,-1.13,-5.03
2155,-5.62,-1.21,-5.65
2156,-4.89,-1.26,-6.35
2157,-4.07,-1.25,-7.18
2157,-3.38,-1.11,-8.05
2158,-2.86,-1.12,-9.00
2158,-2.13,-1.64,-9.95
2160,-1.43,-1.56,-10.44
2165,-1.14,-0.77,-11.48
2166,-0.44,-0.73,-12.34
2171,0.62,-1.09,-12.99
2172,1.63,-1.19,-13.80
2172,2.46,-1.18,-14.75
2180,3.31,-1.15,-15.39
2181,4.09,-1.23,-15.81
2181,4.62,-1.40,-16.30
2182,5.12,-1.48,-16.49
2184,5.64,-1.44,-16.69
2186,5.98,-1.29,-16.95
2197,6.27,-1.21,-17.35
2197,6.60,-1.24,-17.78
2198,7.06,-1.24,-18.26
2198,7.62,-1.34,-18.82
2199,8.13,-1.56,-19.33
2203,8.68,-1.59,-19.92
2206,9.11,-1.49,-20.38
2213,9.25,-1.40,-20.82
2213,9.43,-1.25,-21.19
2214,9.52,-1.05,-21.57
2215,9.48,-0.97,-21.85
2217,9.30,-0.95,-22.07
2220,9.02,-1.01,-22.35
2223,9.27,-0.87,-22.79
2226,9.08,-1.02,-23.03
2234,8.77,-1.01,-23.26
2235,8.53,-0.90,-23.55
2236,8.35,-0.93,-23.86
2236,8.12,-0.81,-23.97
2238,7.79,-0.72,-23.87
2240,7.45,-0.56,-23.67
2248,7.02,-0.36,-23.42
2249,6.56,-0.24,-23.14
2249,6.22,-0.21,-22.93
2250,5.66,-0.15,-22.69
2253,5.14,0.02,-22.54
2256,4.83,0.10,-22.40
2264,4.50,0.31,-22.27
2264,4.09,0.57,-22.25
2265,3.87,0.96,-22.33
2266,3.56,1.29,-22.29
2268,3.29,1.53,-22.47
2271,3.05,1.62,-22.80
2273,2.82,1.85,-23.01
2282,2.63,2.09,-23.29
2282,2.38,2.27,-23.74
2282,2.11,2.44,-24.23
2283,1.93,2.64,-24.76
2286,1.74,2.91,-25.30
2288,1.45,3.30,-26.07
2298,1.05,3.67,-26.95
2299,0.66,3.95,-27.80
2300,0.34,4.12,-28.66
2300,0.13,4.23,-29.55
2301,-0.07,4.36,-30.51
2303,-0.25,4.61,-31.29
2306,-0.45,5.00,-32.07
2314,-0.48,5.40,-32.72
2315,-0.53,5.92,-33.21
2316,-0.60,6.47,-33.66
2316,-0.74,7.01,-34.15
2319,-0.92,7.48,-34.71
2322,-1.26,7.94,-35.35
2324,-1.63,8.15,-36.05
2334,-1.85,8.26,-36.69
2334,-2.04,8.25,-37.21
2335,-2.17,8.24,-37.58
2335,-2.18,8.34,-37.81
2336,-2.16,8.52,-37.85
2338,-2.08,8.96,-37.79
2349,-2.04,9.45,-37.74
2350,-2.01,9.65,-37.86
2350,-1.98,9.54,-38.15
2351,-2.02,9.30,-38.69
2352,-1.84,9.02,-39.16
2353,-1.80,8.75,-39.57
2355,-1.83,8.76,-39.92
2364,-1.85,8.91,-40.07
2365,-1.89,9.00,-40.29
2366,-2.03,8.94,-40.44
2367,-2.05,8.73,-40.41
2368,-2.07,8.45,-40.31
2370,-2.14,7.95,-40.05
2381,-2.32,7.33,-39.32
2382,-2.57,6.81,-38.31
2383,-2.74,6.41,-36.98
2384,-2.82,6.06,-35.48
2384,-2.91,5.65,-33.86
2386,-2.92,4.97,-32.03
2387,-2.02,3.15,-16.08
2397,46.00,-37.28,63.24
2398,-13.68,-33.56,-6.10
2399,-15.07,-53.44,-67.55
2400,-50.47,-66.48,-78.95
2401,-19.16,-10.36,-50.60
2404,-14.79,9.11,-58.54
2407,-13.85,8.95,-78.95
2413,-11.47,33.44,-78.95
2414,-3.36,38.28,-78.47
2415,0.16,9.68,-78.95
2417,2.32,-13.57,-78.79
2418,5.98,-9.41,-72.25
2421,4.93,1.17,-61.22
2423,3.80,6.12,-52.28
2431,4.55,6.87,-41.70
2432,5.63,2.96,-31.63
2437,7.67,-3.69,-23.24
2437,8.62,-8.35,-15.66
2438,7.60,-10.71,-8.68
2440,7.10,-11.74,-1.95
2441,6.25,-11.73,3.45
2450,5.11,-11.31,8.41
2450,3.74,-10.89,13.16
2451,2.56,-10.72,17.82
2451,1.94,-10.26,27.53
2454,2.37,-8.25,38.48
2457,-1.05,-8.11,30.22
2466,-2.66,-7.35,29.98
2467,-2.97,-6.09,29.24
2467,-4.29,-5.88,28.72
2468,-4.95,-7.21,29.40
2469,-5.41,-7.77,26.60
2472,-5.78,-7.54,23.84
2481,-6.11,-7.28,22.46
2482,-6.28,-7.31,20.31
2482,-5.98,-7.43,18.47
2483,-5.53,-7.38,16.92
2484,-4.95,-7.29,15.34
2487,-4.20,-7.33,13.97
2489,-3.44,-7.38,12.54
2497,-2.77,-7.46,11.61
2498,-2.18,-7.56,10.84
2499,-1.80,-7.60,10.37
2499,-1.23,-7.72,10.07
2504,-0.83,-8.01,9.87
2504,-0.23,-8.34,10.02
2507,0.29,-8.66,10.07
2515,0.85,-9.05,10.32
2516,1.53,-9.34,10.79
2516,2.10,-9.39,11.03
2517,2.80,-9.49,11.48
2519,3.26,-9.61,11.68
2522,3.70,-9.67,11.74
2531,3.96,-9.72,11.58
2532,4.28,-9.87,11.26
2532,4.51,-9.94,10.86
2533,4.65,-10.01,10.48
2534,4.78,-10.08,10.12
2538,4.79,-10.12,9.54
2538,4.70,-10.21,9.01
2550,4.61,-10.31,8.46
2550,4.41,-10.32,7.73
2551,4.16,-10.38,7.11
2551,3.76,-10.57,6.31
2552,3.40,-10.69,5.54
2554,3.01,-10.88,4.64
2570,2.41,-11.19,3.79
2571,1.83,-11.46,3.09
2573,1.29,-11.59,2.48
2573,0.71,-11.58,1.98
2574,0.25,-11.35,1.43
2576,-0.29,-11.01,0.72
2576,-0.72,-10.75,-0.15
2577,-0.41,-10.25,-0.87
2584,-1.19,-9.90,-1.27
2584,-2.31,-10.02,-2.27
2585,-2.83,-9.94,-3.60
2586,-3.45,-10.00,-4.60
2586,-4.03,-10.00,-5.13
2588,-4.20,-9.84,-5.79
2597,-4.65,-9.91,-6.92
2598,-5.41,-10.00,-7.63
2599,-5.96,-10.08,-8.22
2601,-6.30,-10.27,-8.94
2602,-6.63,-10.42,-9.52
2605,-6.95,-10.43,-9.99
2613,-7.19,-10.18,-10.45
2614,-7.23,-10.00,-10.95
2615,-7.36,-9.76,-11.41
2615,-7.53,-9.44,-11.90
2616,-7.65,-9.44,-12.56
2619,-7.85,-9.65,-13.38
2622,-7.99,-9.84,-14.26
2631,-8.38,-10.07,-15.31
2634,-8.47,-10.22,-16.14
2636,-8.43,-10.18,-16.65
2637,-8.29,-10.15,-16.99
2639,-8.07,-10.09,-17.39
2640,-7.75,-9.84,-18.14
2641,-7.27,-9.63,-18.81
2649,-6.81,-9.55,-19.37
2649,-6.48,-9.62,-19.91
2650,-6.33,-9.77,-20.53
2650,-6.29,-9.85,-21.01
2652,-6.30,-9.75,-21.41
2654,-6.24,-9.58,-21.75
2657,-6.16,-9.47,-22.09
2665,-6.01,-9.39,-22.32
2666,-5.90,-9.35,-22.50
2666,-5.86,-9.59,-22.64
2667,-5.77,-9.89,-22.71
2671,-5.69,-10.14,-22.64
2672,-5.59,-10.45,-22.53
2682,-5.47,-10.63,-22.44
2682,-5.26,-10.62,-22.34
2683,-5.04,-10.72,-22.26
2684,-4.88,-10.91,-22.13
2684,-4.62,-11.10,-22.06
2688,-4.27,-11.40,-21.84
2701,-3.95,-11.71,-21.64
2702,-3.42,-11.81,-21.39
2702,-3.01,-11.82,-21.17
2703,-2.45,-11.75,-20.87
2703,-1.80,-11.54,-20.44
2704,-1.19,-11.27,-19.97
2707,-0.67,-11.05,-19.61
2707,-0.43,-10.86,-19.29
2714,-0.38,-10.78,-19.19
2715,-0.48,-10.90,-19.20
2716,-0.61,-11.11,-19.17
2718,-0.92,-11.36,-19.21
2719,-1.25,-11.66,-19.12
2723,-1.71,-11.77,-18.97
2731,-2.15,-11.75,-18.70
2732,-2.62,-11.72,-18.44
2733,-3.06,-11.70,-18.07
2734,-3.56,-11.77,-17.63
2734,-4.05,-12.01,-17.29
2738,-4.42,-12.25,-17.00
2740,-4.54,-12.53,-16.69
2748,-4.53,-12.70,-16.41
2748,-4.35,-12.70,-16.01
2749,-3.98,-12.50,-15.60
2750,-3.32,-12.16,-15.21
2752,-2.65,-11.87,-14.95
2755,-1.79,-11.54,-14.68
2767,-0.91,-11.24,-14.49
2769,-0.05,-10.98,-14.47
2769,0.42,-10.73,-14.35
2770,1.41,-10.35,-14.22
2771,2.22,-9.85,-13.94
2772,3.04,-9.23,-13.69
2773,4.37,-8.46,-13.86
2780,5.49,-7.77,-13.99
2781,6.44,-7.01,-13.80
2781,7.26,-6.34,-13.68
2782,7.58,-5.90,-13.56
2785,7.75,-5.44,-13.58
2788,7.71,-5.10,-13.52
2799,7.29,-4.91,-13.53
2800,6.40,-4.83,-13.47
2800,5.39,-4.78,-13.49
2801,4.79,-4.82,-13.62
2803,4.05,-4.98,-13.74
2805,3.41,-4.96,-14.03
2812,2.72,-4.87,-14.42
2813,2.09,-4.65,-14.83
2813,1.52,-4.65,-15.19
2814,1.08,-4.77,-15.55
2814,0.78,-4.98,-15.82
2821,0.40,-5.23,-16.08
2821,0.36,-5.42,-16.34
2822,0.36,-5.64,-16.58
2829,0.63,-5.76,-16.82
2830,1.28,-5.84,-16.80
2830,1.91,-5.78,-16.85
2832,2.58,-5.63,-16.89
2835,3.27,-5.54,-16.82
2837,4.02,-5.41,-16.73
2839,4.72,-5.31,-16.61
2845,5.45,-5.28,-16.45
2846,6.03,-5.24,-16.27
2850,6.58,-5.08,-16.12
2851,7.18,-5.02,-15.95
2853,7.86,-5.02,-15.91
2855,8.66,-5.07,-15.91
2863,9.32,-5.16,-16.10
2864,9.87,-5.26,-16.31
2865,10.08,-5.23,-16.41
2866,10.62,-5.28,-16.79
2868,10.99,-5.56,-17.15
2871,11.27,-5.67,-17.51
2881,11.46,-5.68,-17.96
2882,11.30,-5.57,-18.55
2883,11.66,-5.11,-19.23
2883,12.17,-4.84,-20.11
2884,12.20,-5.07,-21.13
2886,12.12,-5.38,-22.22
2888,12.15,-5.49,-23.22
2898,12.20,-5.48,-24.20
2899,12.21,-5.27,-25.33
2899,12.15,-5.14,-26.31
2900,12.02,-4.97,-27.39
2900,12.05,-4.65,-28.54
2903,12.00,-4.37,-29.77
2906,11.89,-4.19,-31.17
2915,11.74,-3.99,-32.57
2915,11.62,-3.95,-33.86
2916,11.43,-3.93,-34.97
2917,11.11,-3.65,-36.03
2918,10.71,-3.17,-36.89
2921,10.54,-2.52,-37.61
2923,9.66,-2.06,-38.62
2930,8.75,-1.66,-39.68
2931,7.59,-1.48,-40.48
2932,6.22,-1.53,-41.11
2933,4.61,-1.61,-41.55
2934,2.89,-1.72,-41.67
2938,1.18,-1.62,-41.70
2949,-0.22,-1.31,-41.65
2951,-1.53,-1.14,-41.50
2952,-2.50,-0.83,-41.37
2953,-3.23,-0.50,-41.22
2954,-3.54,-0.27,-40.79
2954,-3.59,0.25,-40.06
2956,-3.26,1.04,-39.20
2963,-2.72,1.92,-38.35
2964,-2.05,2.70,-37.45
2964,-1.22,3.34,-36.70
2965,-0.27,3.80,-36.01
2968,0.54,4.26,-35.23
2973,1.50,4.92,-34.27
2978,2.34,5.66,-33.16
2979,3.31,6.36,-32.24
2979,4.27,6.89,-31.31
2980,4.97,7.07,-30.25
2983,5.50,6.98,-29.03
2987,6.03,6.65,-27.63
2989,6.27,6.02,-25.95
2997,6.37,5.14,-23.92
2998,6.16,4.24,-21.51
2998,5.55,3.44,-18.92
2999,22.02,-4.35,35.82
3001,20.22,-32.19,22.53
3004,17.22,-48.40,-55.70
3007,-63.40,-65.70,-78.18
3016,-18.05,-5.92,-38.85
3016,-5.11,19.99,9.40
3017,-23.12,18.24,-46.93
3018,-14.03,31.96,-73.63
3018,-14.07,25.81,-46.92
3021,-21.40,5.92,-35.14
3023,-17.07,-10.45,-43.57
3033,-11.93,-15.93,-37.61
3034,-10.91,-3.96,-23.95
3034,-11.91,6.47,-17.01
3035,-12.29,10.15,-11.68
3036,-11.76,6.88,-4.30
3039,-13.22,1.05,2.38
3049,-15.69,-3.28,8.46
3050,-16.78,-5.86,17.41
3050,-17.05,-4.17,21.25
3051,-12.05,-3.86,20.40
3051,-1.83,-5.99,21.37
3054,6.73,-1.46,36.29
3056,5.70,1.39,26.00
3065,4.51,1.66,17.93
3066,7.02,1.56,19.04
3067,9.82,0.76,18.67
3068,11.20,-0.04,14.37
3068,11.79,-0.26,10.05
3072,10.52,-0.27,7.77
3082,8.67,0.13,7.32
3083,11.40,1.18,5.34
3084,14.24,2.57,6.54
3084,15.24,4.23,3.12
3085,10.29,4.15,-3.61
3086,3.70,1.97,-5.81
3089,-1.45,-0.38,-5.01
3099,-2.87,-1.56,-3.62
3099,-2.26,-2.08,-2.09
3100,-0.11,-1.87,-0.37
3102,1.15,-1.20,0.92
3103,-0.20,-0.90,1.81
3104,-1.20,-0.42,2.72
3107,-1.28,0.11,4.05
3114,-0.79,0.25,6.41
3115,-0.65,0.01,7.03
3116,-0.38,-0.70,6.11
3116,0.49,-2.25,6.25
3119,1.83,-4.29,6.41
3121,2.98,-5.08,6.32
3133,1.55,-4.66,5.57
3133,-1.59,-4.31,3.80
3134,-0.95,-4.47,2.62
3135,-0.57,-4.89,2.89
3138,-0.99,-5.44,3.58
3139,-0.91,-5.83,4.00
3141,-0.83,-6.33,4.08
3143,-1.34,-7.04,4.05
3144,-1.99,-7.89,3.86
3149,-2.32,-8.49,3.42
3150,-2.52,-8.99,3.07
3150,-2.78,-9.52,2.88
3155,-2.99,-9.97,2.97
3156,-2.96,-10.36,3.30
3163,-2.70,-10.62,3.91
3163,-2.33,-10.43,5.00
3164,-1.74,-10.22,5.00
3166,-1.77,-10.15,3.67
3170,-1.62,-9.89,2.78
3171,-1.10,-9.68,2.61
3183,-0.86,-9.63,2.34
3184,-0.74,-9.37,1.48
3184,-0.88,-9.03,0.16
3185,-0.94,-8.61,-1.17
3186,-0.99,-8.16,-2.12
3186,-0.91,-7.71,-2.94
3192,-0.83,-7.38,-3.91
3192,-0.73,-6.88,-5.18
3198,-0.00,-6.00,-6.20
3199,-0.44,-5.56,-7.35
3200,-0.81,-5.06,-9.21
3202,-0.78,-4.62,-11.31
3204,-0.62,-4.59,-12.79
3214,-0.16,-4.40,-13.16
3215,-0.21,-4.18,-13.23
3216,-0.65,-4.26,-13.60
3217,-0.96,-4.05,-14.14
3217,-1.10,-3.53,-14.64
3219,-1.05,-3.13,-14.95
3222,-1.20,-3.02,-15.17
3233,-1.43,-3.14,-15.38
3234,-1.76,-3.59,-15.63
3235,-1.89,-4.20,-15.78
3236,-2.05,-4.59,-15.53
3236,-2.16,-4.95,-15.00
3237,-2.05,-5.21,-14.35
3240,-1.76,-5.14,-13.55
3248,-1.33,-5.20,-12.83
3249,-1.02,-5.52,-12.31
3250,-0.74,-5.76,-11.91
3250,-0.45,-5.94,-11.71
3251,-0.23,-6.25,-11.45
3255,-0.02,-6.35,-11.49
3269,0.31,-6.36,-11.76
3271,0.56,-6.35,-12.12
3272,1.03,-6.24,-12.35
3273,1.71,-5.93,-13.12
3274,1.96,-5.63,-14.14
3277,2.53,-5.21,-14.75
3278,2.82,-4.80,-15.16
3279,3.09,-4.45,-15.81
3287,3.10,-4.00,-16.48
3288,3.62,-3.35,-17.15
3288,3.99,-2.93,-17.75
3289,4.43,-2.34,-18.38
3289,4.91,-1.59,-18.99
3290,5.28,-0.78,-19.66
3296,5.57,0.06,-20.29
3297,5.56,0.91,-20.73
3298,5.57,1.66,-21.13
3299,5.61,2.28,-21.77
3303,5.33,2.94,-22.39
3304,4.94,3.53,-22.57
3316,4.45,3.91,-22.40
3316,4.24,4.68,-22.22
3317,4.05,5.54,-21.98
3318,3.92,6.04,-21.79
3318,3.72,6.71,-21.32
3319,3.41,7.45,-20.60
3322,3.15,7.68,-19.67
3331,3.01,8.40,-18.87
3331,2.51,8.92,-18.08
3332,2.08,9.04,-17.09
3332,2.01,9.54,-16.08
3335,1.84,9.92,-15.08
3337,1.56,10.19,-14.24
3340,1.30,10.57,-13.47
3349,0.92,10.87,-12.81
3350,0.44,11.13,-12.35
3351,-0.13,11.44,-12.09
3351,-0.85,11.78,-12.06
3352,-1.66,11.89,-12.03
3355,-2.48,11.89,-12.11
3365,-3.33,11.85,-12.40
3366,-4.14,11.73,-12.87
3366,-4.76,11.77,-13.47
3367,-5.12,11.90,-14.16
3369,-5.32,11.99,-15.04
3370,-5.33,12.03,-16.08
3373,-4.96,11.99,-17.39
3382,-4.41,11.58,-18.90
3383,-4.02,10.87,-20.30
3384,-3.74,10.17,-21.46
3384,-3.42,9.43,-22.43
3385,-2.97,8.82,-23.34
3388,-2.50,8.36,-24.09
3390,-1.83,7.89,-24.95
3399,-1.42,7.39,-25.94
3399,-0.96,6.76,-26.51
3400,-0.35,6.08,-27.24
3401,0.07,5.33,-28.11
3404,0.56,4.56,-28.89
3405,0.81,3.66,-29.59
3414,0.83,2.67,-30.18
3415,0.84,1.69,-30.65
3416,0.60,0.76,-31.37
3416,0.46,-0.18,-31.68
3417,0.06,-1.18,-32.08
3419,-0.65,-2.17,-32.30
3421,-1.10,-3.04,-32.75
3432,-1.93,-4.06,-33.37
3433,-2.92,-5.28,-33.83
3433,-3.75,-6.60,-34.39
3435,-4.84,-8.24,-35.26
3435,-6.09,-10.00,-36.10
3436,-6.79,-11.27,-36.35
3440,-7.51,-12.15,-36.36
3445,-8.36,-12.85,-36.79
3450,-8.61,-13.21,-37.38
3451,-8.01,-13.30,-37.76
3452,-7.21,-13.52,-38.17
3453,-6.55,-13.87,-38.72
3455,-5.75,-14.10,-39.30
3464,-4.79,-14.42,-39.56
3465,-3.64,-14.73,-39.67
3466,-2.40,-14.74,-39.71
3466,-1.26,-14.46,-39.55
3468,0.29,-13.94,-39.38
3470,2.00,-13.48,-39.49
3472,3.67,-12.95,-39.63
3482,5.26,-12.53,-39.79
3482,6.62,-12.33,-39.99
3483,7.76,-12.14,-40.09
3484,8.48,-11.75,-40.26
3485,9.25,-11.24,-40.26
3489,9.92,-10.88,-40.38
3499,9.98,-10.39,-39.92
3500,10.04,-9.64,-39.82
3501,9.72,-8.97,-39.72
3501,9.12,-8.55,-39.21
3502,8.15,-8.35,-38.66
3503,7.15,-8.26,-38.03
3507,6.01,-8.18,-37.03
3507,5.00,-8.06,-35.98
3515,3.91,-7.79,-34.56
3516,2.77,-7.51,-32.86
3517,1.65,-7.14,-30.76
3518,0.51,-6.92,-28.38
3523,-0.80,-6.86,-25.78
3524,-1.83,-6.68,-22.71
3533,-2.83,-6.47,-19.65
3533,-3.57,-6.33,-16.38
3534,-4.25,-6.31,-12.77
3535,-4.55,-6.18,-8.86
3536,-1.49,-9.50,9.29
3538,23.60,-59.81,66.27
3548,-14.81,-5.89,-25.52
3549,-5.93,-17.03,-69.36
3550,-12.81,-78.18,-67.22
3551,-27.78,-60.07,-11.83
3552,-26.46,-23.25,-30.40
3552,-23.09,27.65,-73.60
3556,-23.37,67.45,-78.95
3565,-8.77,58.61,-77.27
3566,-8.40,17.71,-77.54
3567,-2.82,-8.64,-78.95
3569,11.71,-12.00,-70.04
3570,11.52,-3.60,-48.16
3571,4.39,6.67,-37.08
3573,-1.52,10.94,-30.30
3582,-2.05,7.73,-18.28
3583,-1.14,-0.05,-6.21
3583,0.26,-6.03,2.58
3584,0.70,-9.82,10.34
3587,0.76,-12.64,18.07
3590,2.04,-12.96,30.12
3596,3.82,-13.03,51.59
3596,3.67,-11.87,51.01
3597,2.91,-7.04,45.74
3597,1.11,-3.37,43.42
3601,-1.44,-0.30,38.57
3602,-0.77,0.61,39.46
3606,2.75,-1.08,41.23
3615,1.17,-3.24,37.00
3616,-2.22,-4.26,29.74
3616,-2.04,-3.83,23.90
3617,-2.31,-3.52,18.99
3618,-2.35,-3.18,14.11
3621,-2.07,-2.90,9.71
3632,-1.29,-2.21,6.43
3633,-0.29,-1.07,3.85
3633,-0.51,-0.42,1.23
3634,-0.71,-0.11,-1.32
3635,-0.63,0.21,-5.07
3636,-1.30,-0.43,-10.24
3639,-2.02,-1.66,-16.89
3640,-1.63,-2.95,-21.25
3647,1.11,-3.98,-19.86
3649,3.52,-4.66,-14.06
3649,1.97,-4.85,-8.88
3650,0.81,-3.80,-6.55
3653,1.54,-2.64,-6.10
3656,2.18,-2.26,-5.52
3664,2.13,-2.71,-4.17
3665,2.01,-3.78,-2.61
3666,1.83,-4.82,-0.86
3667,1.61,-5.57,0.66
3669,1.83,-5.96,1.93
3671,2.03,-5.87,3.12
3673,2.21,-5.43,4.14
3680,2.59,-5.39,4.93
3682,2.99,-5.54,5.57
3682,3.18,-5.78,5.94
3683,3.29,-6.10,5.81
3687,3.27,-6.04,5.24
3689,3.09,-5.92,4.33
3700,2.99,-6.00,3.15
3701,3.04,-6.25,2.13
3702,3.09,-6.47,1.31
3704,3.07,-6.74,0.38
3705,2.72,-6.91,-0.52
3706,2.28,-7.00,-1.21
3707,1.94,-7.22,-2.00
3717,1.66,-7.49,-2.66
3718,1.52,-7.64,-3.28
3720,1.39,-7.82,-3.84
3722,1.22,-8.08,-4.40
3722,1.15,-8.41,-4.99
3723,1.17,-8.81,-5.35
3730,1.14,-9.32,-5.45
3733,1.27,-9.70,-5.53
3733,1.53,-10.12,-5.62
3734,1.84,-10.61,-5.75
3735,2.14,-10.99,-5.98
3737,2.61,-11.41,-6.20
3738,3.12,-11.85,-6.49
3746,3.66,-12.20,-6.81
3746,4.17,-12.45,-7.10
3747,4.69,-12.76,-7.48
3749,5.13,-12.94,-7.90
3751,5.61,-13.07,-8.40
3753,6.08,-13.33,-8.95
3756,6.62,-13.40,-9.44
3763,7.11,-13.48,-10.14
3764,7.45,-13.55,-10.97
3764,7.84,-13.32,-11.70
3767,8.19,-12.92,-12.34
3769,8.40,-12.46,-13.05
3771,8.53,-12.01,-13.91
3780,8.64,-11.49,-14.83
3781,8.79,-11.09,-15.78
3781,8.84,-10.72,-16.52
3782,8.83,-10.16,-17.15
3783,8.76,-9.69,-17.62
3788,8.66,-9.25,-18.10
3789,8.55,-8.62,-18.51
3800,8.32,-8.13,-18.94
3800,8.10,-7.67,-19.22
3801,7.80,-7.18,-19.29
3802,7.49,-6.70,-19.32
3803,7.13,-6.34,-19.33
3803,6.68,-5.88,-19.25
3807,6.18,-5.50,-19.07
3816,5.77,-5.18,-18.85
3818,5.65,-4.78,-18.50
3818,4.74,-4.60,-18.37
3819,4.27,-4.32,-18.50
3819,3.84,-3.99,-18.14
3822,3.30,-3.82,-17.46
3831,2.77,-3.58,-16.90
3832,2.27,-3.31,-16.57
3833,1.65,-3.02,-16.22
3835,1.12,-2.81,-15.89
3836,0.66,-2.67,-15.55
3836,0.19,-2.63,-15.02
3839,-0.30,-2.49,-14.58
3849,-0.68,-2.27,-14.25
3850,-0.92,-2.02,-13.88
3851,-1.24,-1.84,-13.52
3851,-1.46,-1.70,-13.27
3854,-1.58,-1.59,-13.01
3855,-1.80,-1.57,-12.72
3867,-1.97,-1.60,-12.55
3868,-2.21,-1.58,-12.58
3869,-2.55,-1.54,-12.59
3870,-2.73,-1.51,-12.68
3870,-2.93,-1.49,-12.75
3871,-3.13,-1.55,-12.82
3872,-3.27,-1.61,-12.96
3876,-3.31,-1.62,-13.09
3877,-3.37,-1.59,-13.18
3880,-3.35,-1.51,-13.25
3882,-3.13,-1.38,-13.43
3884,-2.80,-1.31,-13.58
3888,-2.54,-1.22,-13.78
3889,-2.26,-1.06,-13.91
3898,-1.90,-0.97,-14.05
3898,-1.56,-0.91,-14.20
3899,-1.24,-0.84,-14.38
3900,-0.96,-0.76,-14.52
3902,-0.63,-0.67,-14.74
3904,-0.33,-0.51,-14.93
3915,-0.06,-0.39,-15.15
3916,0.20,-0.34,-15.34
3917,0.39,-0.26,-15.55
3918,0.57,-0.24,-15.79
3918,0.61,-0.30,-15.90
3919,0.66,-0.21,-16.13
3923,0.60,-0.13,-16.30
3924,0.52,-0.09,-16.28
3932,0.37,0.01,-16.31
3932,0.18,0.07,-16.39
3933,0.03,0.05,-16.44
3934,-0.17,0.04,-16.49
3937,-0.35,-0.08,-16.53
3940,-0.52,-0.21,-16.60
3957,-0.70,-0.28,-16.73
3958,-0.87,-0.42,-16.83
3959,-1.05,-0.76,-16.99
3959,-1.13,-1.05,-17.08
3960,-1.20,-1.44,-17.06
3961,-1.30,-1.77,-16.91
3961,-1.21,-1.94,-16.76
3962,-1.10,-2.23,-16.48
3964,-0.89,-2.53,-16.20
3965,-0.70,-2.93,-15.83
3967,-0.43,-3.24,-15.52
3969,-0.09,-3.63,-15.16
3972,0.31,-3.95,-14.82
3976,0.66,-4.11,-14.55
3977,1.00,-4.25,-14.46
3979,1.40,-4.29,-14.55
3982,1.76,-4.52,-14.68
3984,2.18,-4.92,-14.83
3990,2.75,-5.30,-15.05
3991,3.32,-5.50,-15.37
3993,3.71,-5.66,-15.62
3994,4.15,-5.66,-15.84
3997,4.85,-5.59,-16.07
3999,5.39,-5.51,-16.36
4003,5.95,-5.38,-16.94
4005,6.35,-5.29,-17.52
4008,6.60,-5.43,-18.33
4009,6.91,-5.79,-19.28
4013,7.07,-6.30,-20.12
4015,7.17,-6.77,-20.76
4017,7.33,-7.12,-21.11
4019,7.32,-7.26,-21.41
4022,7.42,-7.32,-21.56
4026,7.46,-7.47,-21.66
4027,7.52,-7.60,-21.79
4031,7.56,-7.72,-21.87
4032,7.80,-8.13,-21.87
4035,8.06,-8.74,-21.77
4038,8.51,-9.19,-21.55
4043,8.95,-9.43,-21.18
4044,9.40,-9.55,-20.68
4044,9.95,-9.46,-20.20
4048,10.42,-9.34,-19.76
4050,10.79,-9.32,-19.46
4053,11.29,-9.39,-19.12
4055,11.76,-9.65,-19.00
4061,12.17,-10.04,-18.85
4062,12.49,-10.28,-18.83
4063,12.88,-10.35,-18.81
4065,13.09,-10.21,-18.92
4068,13.29,-9.83,-19.10
4071,13.51,-9.27,-19.46
4072,13.37,-8.79,-20.19
4077,12.99,-8.39,-21.26
4078,12.26,-8.22,-22.58
4079,11.05,-8.18,-24.14
4082,9.85,-8.22,-25.70
4084,9.11,-8.40,-27.18
4088,8.73,-8.54,-28.63
4092,7.21,-8.40,-30.10
4093,6.38,-7.70,-31.19
4094,5.62,-6.68,-31.86
4097,4.00,-5.54,-32.81
4099,0.66,-4.47,-34.19
4102,-4.71,-3.93,-35.28
4104,-10.22,-4.16,-35.21
4115,-14.48,-4.29,-33.63
4117,-17.07,-3.49,-31.97
4117,-22.02,-1.98,-31.52
4118,-31.39,-1.71,-31.85
4118,-40.94,-1.99,-31.71
4120,-46.59,-1.71,-25.06
4122,-53.08,-2.03,-18.28
4126,-55.68,-4.29,-18.02
4127,-42.37,-4.41,-18.96
4131,-28.43,-2.39,-23.70
4132,-22.61,-2.65,-28.36
4135,-18.31,-3.49,-29.81
4138,-15.02,-4.19,-27.65
4144,-13.80,-4.05,-25.32
4145,-16.54,-2.97,-24.27
4146,-19.55,-1.91,-22.47
4148,-19.26,-1.32,-21.29
4151,-19.02,-1.32,-22.49
4153,-19.40,-1.14,-23.85
4155,-20.77,-0.86,-22.90
4161,-22.83,-1.12,-21.20
4162,-21.55,-1.52,-20.28
4162,-19.87,-1.44,-24.79
4166,-22.30,-0.19,-27.01
4168,-20.70,-0.77,-22.77
4171,-18.57,-2.27,-22.94
4173,-16.73,-1.65,-29.17
4177,-18.73,-1.63,-31.89
4178,-18.98,-2.53,-27.33
4181,-19.62,-3.56,-25.00
4182,-29.86,11.12,13.39
4185,-30.71,8.36,36.92
4188,33.57,-22.20,-32.79
4193,-42.33,-73.15,-54.32
4194,-26.62,-21.05,-33.67
4194,17.43,14.17,-23.46
4199,14.22,13.16,-12.79
4201,7.75,12.93,-14.58
4203,1.17,12.78,-16.09
4204,-8.08,9.60,-16.55
4209,-7.69,-1.15,-20.97
4210,-6.72,-15.47,4.28
4213,-13.47,-28.55,47.38
4215,6.53,-31.39,35.96
4217,12.02,-8.12,23.49
4220,-12.51,1.69,15.01
4222,-17.26,5.96,6.79
4227,-7.65,8.88,18.90
4234,-4.77,12.07,3.51
4235,-1.56,5.42,-15.39
4236,7.13,-5.84,-13.56
4236,14.22,-10.62,-10.08
4238,15.62,-9.97,-6.60
4241,15.93,-8.06,-4.60
4243,15.05,-5.83,-3.01
4245,14.05,-2.51,-1.04
4248,11.44,0.57,0.89
4251,8.71,2.85,1.22
4253,5.95,3.46,-8.64
4255,9.31,1.75,-16.02
4261,12.96,0.95,0.46
4262,14.36,-3.27,4.31
4264,13.86,-3.66,2.04
4266,13.76,-0.13,1.06
4268,15.13,-1.31,2.14
4271,16.49,-2.57,4.01
4277,17.62,-2.84,4.28
4277,18.67,-3.14,5.05
4278,19.83,-3.22,7.01
4281,21.20,-2.80,10.84
4283,22.70,-1.67,15.44
4286,23.58,0.18,18.26
4288,20.96,1.41,19.01
4294,14.66,-0.78,19.48
4294,14.51,-1.95,20.73
4295,13.08,-2.17,22.49
4299,11.25,-1.82,23.59
4301,9.65,-1.44,24.23
4304,8.29,-1.22,25.29
4305,7.14,-0.81,26.21
4310,6.08,-0.33,26.53
4311,5.31,-0.05,26.18
4313,4.67,-0.15,25.02
4317,4.31,-0.69,23.98
4318,4.25,-1.20,22.36
4320,4.46,-1.54,20.86
4327,5.05,-1.81,19.32
4327,5.69,-1.94,17.80
4329,6.36,-1.95,16.19
4331,7.14,-2.06,14.06
4333,7.89,-2.47,12.00
4335,8.61,-2.98,9.72
4338,9.26,-3.56,7.70
4343,9.94,-4.01,5.85
4349,10.63,-4.28,4.31
4350,11.19,-4.27,2.86
4351,11.41,-4.01,1.76
4351,11.52,-3.77,0.66
4354,11.44,-3.69,-0.65
4356,11.04,-4.06,-1.83
4361,10.74,-4.45,-2.84
4361,10.65,-4.38,-3.35
4363,9.42,-4.31,-3.54
4366,8.31,-4.07,-3.72
4369,7.57,-3.73,-3.83
4371,6.85,-3.51,-3.74
4376,5.82,-3.34,-3.80
4376,4.67,-3.24,-3.68
4379,3.41,-3.31,-3.37
4381,2.13,-3.34,-2.98
4384,1.06,-3.29,-2.85
4387,0.19,-3.17,-3.38
4388,-0.49,-3.04,-3.82
4394,-1.11,-2.91,-4.11
4395,-1.31,-2.68,-4.46
4395,-1.20,-2.45,-4.43
4399,-1.53,-2.29,-4.52
4401,-2.09,-2.16,-5.08
4404,-2.92,-1.81,-5.18
4409,-3.78,-1.07,-5.48
4410,-4.80,-0.72,-6.96
4411,-6.48,-1.42,-8.06
4415,-9.07,-2.60,-9.01
4415,-11.07,-3.73,-9.80
4419,-11.72,-4.39,-10.10
4421,-11.88,-5.03,-10.23
4423,-11.33,-5.37,-10.62
4427,-10.35,-5.14,-11.42
4428,-9.21,-4.63,-12.40
4432,-9.69,-4.38,-13.02
4433,-9.92,-4.29,-13.47
4436,-9.93,-4.51,-13.85
4439,-10.22,-5.15,-13.85
4446,-10.28,-5.96,-13.73
4447,-9.78,-6.56,-13.95
4448,-9.80,-7.03,-14.40
4448,-10.00,-7.41,-15.15
4451,-9.87,-7.64,-15.92
4456,-9.55,-7.81,-16.46
4458,-9.11,-7.80,-16.86
4459,-8.66,-7.81,-17.38
4463,-8.10,-7.80,-18.23
4464,-7.36,-7.68,-19.10
4467,-6.53,-7.42,-19.81
4470,-5.72,-7.05,-20.50
4472,-5.13,-6.64,-20.98
4476,-4.49,-6.02,-21.17
4477,-3.31,-5.44,-21.69
4479,-2.30,-4.96,-22.42
4481,-1.14,-4.31,-23.06
4484,0.01,-3.68,-23.46
4486,0.99,-3.12,-23.67
4489,2.04,-2.70,-24.01
4495,2.74,-2.36,-24.38
4495,3.26,-1.99,-24.06
4496,4.39,-1.59,-24.14
4499,4.84,-1.38,-24.53
4501,5.47,-1.04,-24.11
4504,6.98,-0.54,-24.56
4511,7.32,-0.34,-24.89
4512,7.75,-0.07,-24.19
4513,8.12,0.26,-23.24
4514,8.30,0.39,-22.65
4517,8.42,0.51,-22.32
4520,8.57,0.66,-21.95
4521,8.46,0.71,-21.39
4526,8.34,0.80,-20.66
4527,8.42,1.22,-19.88
4529,8.21,1.35,-19.31
4533,7.83,1.33,-18.86
4534,7.76,1.46,-18.43
4536,7.45,1.46,-17.87
4539,7.29,1.46,-17.45
4543,6.74,1.43,-17.05
4544,5.79,1.38,-16.49
4551,5.10,1.27,-16.03
4552,4.45,1.06,-15.61
4553,3.70,0.79,-15.22
4554,3.08,0.50,-14.79
4559,2.49,0.26,-14.44
4560,1.82,0.08,-13.97
4561,1.17,-0.12,-13.46
4564,0.39,-0.24,-12.87
4566,-0.42,-0.35,-12.17
4571,-1.26,-0.51,-11.55
4574,-2.11,-0.68,-10.86
4575,-2.91,-0.84,-10.18
4579,-3.60,-0.96,-9.51
4579,-4.23,-1.09,-8.81
4582,-4.72,-1.11,-8.06
4584,-5.09,-1.18,-7.37
4587,-5.39,-1.18,-6.88
4593,-5.63,-1.14,-6.43
4593,-5.89,-1.13,-5.95
4594,-6.13,-1.14,-5.59
4597,-6.16,-1.13,-5.28
4600,-6.13,-1.19,-5.14
4602,-6.06,-1.25,-5.17
4605,-5.91,-1.30,-5.43
4610,-5.49,-1.40,-5.81
4611,-5.10,-1.59,-6.37
4612,-4.86,-1.80,-6.86
4615,-4.55,-1.96,-7.39
4617,-4.32,-2.05,-8.05
4621,-4.10,-2.16,-8.83
4621,-3.74,-2.27,-9.63
4627,-3.36,-2.49,-10.49
4627,-3.05,-2.63,-11.43
4629,-2.80,-2.76,-12.27
4632,-2.64,-2.93,-12.94
4635,-2.37,-3.06,-13.50
4636,-2.05,-3.12,-13.94
4643,-1.75,-3.18,-14.48
4644,-1.41,-3.17,-14.94
4644,-1.06,-3.22,-15.23
4647,-0.69,-3.25,-15.39
4650,-0.32,-3.31,-15.59
4653,-0.11,-3.46,-15.62
4655,0.12,-3.52,-15.45
4660,0.31,-3.53,-15.31
4661,0.34,-3.61,-14.99
4661,0.32,-3.69,-14.68
4664,0.24,-3.68,-14.38
4666,0.32,-3.66,-13.99
4669,0.38,-3.75,-13.58
4675,0.42,-3.74,-13.25
4683,0.40,-3.72,-12.85
4685,0.44,-3.68,-12.54
4686,0.45,-3.70,-12.25
4686,0.41,-3.75,-11.96
4687,0.35,-3.76,-11.73
4687,0.30,-3.77,-11.51
4691,0.30,-3.78,-11.42
4692,0.25,-3.82,-11.31
4694,0.17,-3.84,-11.31
4697,0.10,-3.82,-11.45
4700,-0.04,-3.73,-11.53
4702,-0.18,-3.71,-11.72
4705,-0.25,-3.73,-12.02
4711,-0.33,-3.79,-12.29
4711,-0.40,-3.84,-12.57
4712,-0.52,-3.88,-12.98
4715,-0.53,-3.85,-13.36
4717,-0.59,-3.85,-13.69
4720,-0.66,-3.83,-14.05
4722,-0.71,-3.74,-14.51
4727,-0.71,-3.67,-14.91
4728,-0.66,-3.64,-15.13
4730,-0.61,-3.59,-15.40
4733,-0.61,-3.53,-15.63
4735,-0.63,-3.44,-15.79
4737,-0.64,-3.23,-15.97
4742,-0.65,-3.08,-15.95
4743,-0.59,-2.95,-15.97
4744,-0.59,-2.79,-15.92
4748,-0.62,-2.61,-15.83
4750,-0.58,-2.40,-15.68
4753,-0.50,-2.26,-15.47
4760,-0.45,-2.17,-15.23
4760,-0.36,-2.09,-14.94
4762,-0.35,-1.95,-14.54
4762,-0.29,-1.79,-14.13
4765,-0.16,-1.62,-13.66
4767,-0.10,-1.43,-13.29
4770,0.03,-1.32,-12.81
4776,0.19,-1.21,-12.34
4780,0.24,-1.13,-11.81
4782,0.32,-1.12,-11.33
4789,0.35,-0.99,-10.81
4790,0.47,-0.85,-10.28
4791,0.29,-0.84,-9.77
4791,0.53,-0.70,-9.16
4792,1.00,-0.66,-8.57
4792,0.97,-0.68,-8.17
4796,1.07,-0.60,-7.92
4797,1.33,-0.50,-7.58
4800,1.40,-0.42,-7.09
4802,1.44,-0.34,-6.81
4805,1.46,-0.16,-6.71
4809,1.44,-0.11,-6.68
4810,1.38,-0.05,-6.69
4813,1.36,0.01,-6.72
4817,1.27,0.10,-6.91
4818,1.11,0.04,-7.03
4820,0.95,0.01,-7.22
4822,0.86,0.01,-7.43
4827,0.70,0.01,-7.68
4828,0.58,0.02,-7.93
4831,0.49,0.11,-8.21
4834,0.48,0.14,-8.52
4835,0.44,0.10,-8.79
4838,0.37,0.10,-9.11
4842,0.40,0.08,-9.24
4843,0.38,0.02,-9.44
4846,0.40,-0.06,-9.55
4848,0.43,-0.11,-9.62
4850,0.45,-0.13,-9.59
4853,0.50,-0.14,-9.54
4856,0.50,-0.18,-9.59
4861,0.55,-0.33,-9.63
4862,0.64,-0.64,-9.70
4863,0.77,-1.10,-9.68
4865,0.90,-1.53,-9.54
4870,1.11,-1.82,-9.33
4871,1.31,-1.97,-9.09
4877,1.61,-1.96,-8.71
4878,1.80,-1.86,-8.32
4879,1.98,-1.76,-8.07
4881,1.98,-1.70,-7.82
4883,2.05,-1.76,-7.67
4887,2.20,-1.94,-7.48
4892,2.32,-2.34,-7.35
4893,2.42,-2.68,-7.33
4893,2.38,-2.91,-7.34
4898,2.27,-3.01,-7.23
4898,2.04,-3.02,-7.12
4902,1.90,-2.99,-7.02
4904,1.78,-3.02,-6.95
4908,1.67,-3.02,-6.91
4909,1.52,-3.07,-6.85
4910,1.35,-3.12,-6.77
4914,1.09,-3.10,-6.76
4916,0.77,-3.14,-6.75
4918,0.55,-3.20,-6.82
4920,0.29,-3.26,-6.91
4926,0.06,-3.29,-6.99
4927,-0.22,-3.36,-7.05
4927,-0.45,-3.46,-7.17
4931,-0.64,-3.55,-7.32
4933,-0.82,-3.72,-7.40
4936,-0.97,-3.85,-7.36
4938,-1.11,-3.94,-7.35
4943,-1.22,-4.06,-7.41
4944,-1.38,-4.18,-7.41
4946,-1.45,-4.36,-7.59
4947,-1.48,-4.64,-7.78
4951,-1.48,-4.89,-8.01
4954,-1.40,-5.13,-8.18
4956,-1.29,-5.31,-8.23
4961,-1.20,-5.39,-8.35
4962,-1.11,-5.37,-8.53
4963,-0.98,-5.29,-8.84
4967,-0.89,-5.20,-9.09
4968,-0.83,-5.19,-9.52
4970,-0.75,-5.30,-9.98
4975,-0.76,-5.49,-10.44
4977,-0.69,-5.61,-10.99
4978,-0.66,-5.69,-11.39
4980,-0.62,-5.83,-11.92
4984,-0.59,-5.88,-12.40
4986,-0.64,-5.80,-12.66
4993,-0.66,-5.71,-12.92
4994,-0.64,-5.65,-13.29
4995,-0.67,-5.59,-13.58
4995,-0.69,-5.59,-13.92
4998,-0.74,-5.64,-14.34
5000,-0.86,-5.65,-14.60
5003,-0.94,-5.73,-14.90
5006,-1.01,-5.80,-15.28
5009,-1.11,-5.82,-15.48
5010,-1.23,-5.77,-15.63
5014,-1.26,-5.72,-15.74
5016,-1.26,-5.73,-15.81
5018,-1.29,-5.80,-15.75
5021,-1.34,-5.82,-15.67
5024,-1.33,-5.77,-15.54
5026,-1.36,-5.73,-15.32
5028,-1.38,-5.66,-15.18
5031,-1.34,-5.65,-15.04
5034,-1.34,-5.63,-14.81
5036,-1.31,-5.62,-14.64
5038,-1.28,-5.59,-14.42
5042,-1.23,-5.55,-14.13
5043,-1.22,-5.50,-13.84
5047,-1.18,-5.43,-13.60
5048,-1.11,-5.33,-13.37
5051,-1.06,-5.24,-13.06
5054,-1.04,-5.13,-12.73
5059,-1.03,-4.94,-12.42
5060,-1.06,-4.85,-12.28
5061,-1.11,-4.73,-12.12
5064,-1.13,-4.66,-11.99
5067,-1.12,-4.66,-11.91
5068,-1.19,-4.64,-11.85
5071,-1.26,-4.54,-11.69
5076,-1.24,-4.38,-11.66
5077,-1.22,-4.24,-11.60
5078,-1.20,-4.13,-11.59
5082,-1.12,-4.04,-11.60
5084,-1.13,-3.95,-11.62
5089,-1.21,-3.82,-11.65
5090,-1.23,-3.76,-11.66
5094,-1.28,-3.71,-11.72
5094,-1.28,-3.57,-11.77
5096,-1.32,-3.41,-11.78
5099,-1.34,-3.34,-11.88
5102,-1.43,-3.23,-11.94
5103,-1.46,-3.21,-11.91
5109,-1.55,-3.26,-11.77
5110,-1.67,-3.21,-11.54
5111,-1.66,-3.11,-11.41
5115,-1.67,-2.97,-11.26
5117,-1.69,-2.88,-11.08
5119,-1.70,-2.78,-10.91
5121,-1.66,-2.83,-10.69
5126,-1.68,-2.77,-10.48
5127,-1.61,-2.69,-10.29
5128,-1.53,-2.65,-10.08
5132,-1.50,-2.56,-9.90
5134,-1.42,-2.56,-9.67
5137,-1.38,-2.58,-9.55
5138,-1.26,-2.62,-9.33
5143,-1.22,-2.63,-9.16
5143,-1.09,-2.63,-9.05
5147,-1.06,-2.57,-8.92
5149,-1.02,-2.44,-8.87
5152,-0.99,-2.33,-8.93
5154,-1.06,-2.27,-9.01
5159,-1.02,-2.26,-9.21
5160,-1.02,-2.30,-9.46
5161,-1.12,-2.40,-9.57
5163,-1.15,-2.44,-9.70
5166,-1.21,-2.54,-9.92
5169,-1.32,-2.45,-10.03
5171,-1.39,-2.38,-10.22
5177,-1.48,-2.33,-10.40
5178,-1.50,-2.31,-10.62
5179,-1.52,-2.35,-10.82
5182,-1.52,-2.43,-11.01
5183,-1.53,-2.52,-11.19
5193,-1.45,-2.58,-11.34
5194,-1.23,-2.65,-11.44
5194,-1.10,-2.75,-11.45
5195,-0.95,-2.80,-11.28
5198,-0.76,-2.77,-11.12
5199,-0.67,-2.67,-10.93
5201,-0.44,-2.51,-10.62
5204,-0.27,-2.50,-10.52
5208,-0.13,-2.54,-10.37
5210,0.08,-2.57,-10.26
5211,0.29,-2.65,-10.10
5215,0.41,-2.73,-9.97
5217,0.57,-2.76,-9.86
5220,0.71,-2.79,-9.74
5222,0.70,-2.79,-9.65
5228,0.63,-2.74,-9.67
5229,0.51,-2.77,-9.82
5229,0.35,-2.73,-9.82
5232,0.16,-2.78,-9.92
5235,-0.04,-2.85,-10.05
5237,-0.29,-2.85,-10.14
5239,-0.43,-2.93,-10.26
5242,-0.61,-2.93,-10.36
5243,-0.71,-2.87,-10.57
5247,-0.81,-2.88,-10.69
5248,-0.94,-2.89,-10.79
5252,-1.03,-2.90,-10.90
5255,-1.04,-2.86,-10.97
5259,-1.01,-2.84,-11.07
5260,-0.92,-2.77,-11.11
5261,-0.81,-2.71,-11.07
5264,-0.68,-2.65,-11.05
5268,-0.52,-2.52,-10.99
5268,-0.32,-2.41,-10.80
5272,-0.10,-2.20,-10.54
5276,0.09,-1.98,-10.39
5277,0.33,-1.70,-10.17
5279,0.56,-1.43,-9.88
5282,0.75,-1.25,-9.71
5290,0.91,-1.06,-9.57
5290,1.03,-0.90,-9.41
5291,1.20,-0.72,-9.26
5294,1.28,-0.44,-9.07
5294,1.30,0.03,-8.89
5297,1.18,0.46,-8.83
5299,1.11,0.94,-8.77
5302,0.94,1.35,-8.65
5305,0.62,1.68,-8.64
5309,0.40,2.04,-8.75
5310,0.06,2.67,-8.96
5312,-0.31,3.56,-9.03
5315,-0.56,4.15,-9.10
5317,-0.88,4.40,-9.24
5319,-1.24,4.52,-9.59
5322,-1.65,4.49,-10.17
5325,-2.06,4.39,-10.88
5326,-2.34,4.12,-11.77
5330,-2.43,3.67,-12.56
5332,-2.65,3.12,-13.49
5334,-2.84,2.49,-14.41
5338,-2.77,1.96,-15.32
5342,-2.66,1.28,-16.15
5342,-2.26,0.64,-17.00
5344,-1.61,-0.01,-18.01
5348,-1.10,-0.67,-19.08
5349,-0.58,-1.16,-20.31
5352,-0.13,-1.97,-21.86
5359,0.17,-3.02,-23.63
5360,0.72,-4.30,-25.68
5360,1.32,-5.71,-27.89
5363,1.75,-6.87,-29.96
5364,2.22,-7.66,-32.14
5367,3.03,-8.30,-34.67
5369,3.45,-9.10,-37.29
5378,3.68,-9.72,-39.57
5379,3.90,-10.14,-42.09
5381,4.28,-10.72,-45.00
5389,4.82,-11.45,-47.88
5390,5.35,-11.85,-50.01
5390,5.96,-11.86,-51.44
5391,6.94,-11.73,-53.07
5391,8.25,-11.63,-54.26
5392,9.18,-11.57,-54.70
5396,11.10,-11.11,-57.28
5397,13.04,-10.45,-56.66
5399,13.71,-9.75,-54.86
5402,15.02,-9.05,-54.17
5404,16.00,-8.73,-53.31
5408,16.84,-8.63,-51.52
5409,17.23,-9.03,-49.41
5413,17.87,-9.68,-47.56
5415,18.14,-10.30,-45.54
5418,18.16,-10.67,-42.61
5420,17.77,-10.65,-39.71
5422,17.16,-10.35,-36.79
5426,16.30,-9.88,-33.87
5427,15.02,-9.80,-31.01
5432,13.15,-10.03,-28.33
5433,11.14,-10.50,-25.72
5436,9.44,-10.90,-23.16
5438,8.22,-11.68,-20.81
5442,6.33,-12.52,-18.64
5442,4.41,-12.78,-16.06
5447,2.72,-12.55,-13.25
5448,1.16,-12.03,-10.55
5449,-0.26,-11.38,-8.07
5453,-1.46,-10.68,-5.57
5459,-13.13,-18.20,38.49
5460,-29.30,-45.36,51.47
5461,35.46,-6.87,-10.80
5462,-8.41,-32.84,-73.47
5464,-51.80,-16.82,-70.38
5467,-2.32,18.70,-2.33
5469,5.25,10.29,10.47
5483,5.42,2.59,-0.61
5484,6.97,-0.75,-30.24
5485,-3.43,-2.07,-51.06
5486,-2.12,2.35,-19.21
5487,-1.19,-0.06,0.42
5487,-5.54,-5.35,-2.78
5488,-1.69,-5.42,-6.53
5492,2.47,-4.81,-5.36
5492,1.58,-4.44,-0.47
5496,-0.91,-5.17,5.81
5498,-3.97,-6.33,10.01
5500,-6.88,-7.32,12.18
5503,-11.03,-7.76,11.41
5505,-16.79,-7.26,7.08
5509,-17.05,-7.01,2.48
5510,-7.26,-10.04,46.13
5514,-2.88,-7.45,57.05
5516,-8.59,-4.01,21.71
5519,-6.02,1.50,15.04
5519,-5.32,1.47,21.82
5524,-5.54,-2.49,23.00
5526,-5.24,-5.69,22.08
5528,-5.18,-4.89,19.70
5530,-4.73,-3.81,17.83
5534,-3.92,-3.62,17.03
5538,-3.51,-3.71,16.58
5538,-3.14,-3.24,16.64
5543,-3.04,-2.69,16.28
5543,-2.92,-2.37,16.31
5545,-3.40,-2.36,16.13
5551,-3.50,-2.54,16.69
5551,-2.76,-3.41,16.74
5553,-2.70,-4.19,16.40
5557,-2.30,-4.94,16.02
5559,-2.31,-5.46,15.08
5559,-2.41,-5.57,15.37
5563,-2.37,-5.61,15.39
5565,-2.29,-5.79,15.04
5572,-2.68,-6.04,13.98
5573,-2.54,-6.03,12.34
5573,-1.82,-6.35,10.96
5577,-1.12,-6.77,9.49
5578,-0.36,-6.96,8.08
5580,0.26,-6.88,6.83
5583,0.76,-6.49,5.56
5585,1.10,-6.01,4.20
5588,1.70,-5.65,2.72
5591,2.10,-5.46,1.33
5592,2.83,-5.15,-0.20
5596,3.98,-5.13,-2.00
5597,5.00,-5.41,-4.03
5600,5.88,-5.79,-5.99
5603,6.62,-6.28,-7.36
5608,7.73,-6.85,-8.25
5609,8.62,-6.92,-8.36
5610,9.68,-6.63,-8.13
5614,9.92,-6.40,-7.67
5616,9.01,-6.64,-6.83
5618,8.31,-6.65,-6.34
5621,8.09,-6.55,-6.17
5626,7.42,-6.79,-6.23
5627,6.55,-7.29,-6.31
5628,5.92,-8.03,-6.29
5631,5.21,-8.75,-6.19
5634,4.24,-9.05,-5.99
5636,3.24,-9.13,-5.97
5638,2.13,-9.22,-6.44
5643,0.88,-9.18,-7.31
5644,-0.24,-9.24,-8.48
5645,-1.34,-9.31,-9.53
5648,-2.40,-9.09,-10.18
5650,-3.48,-9.02,-10.97
5653,-4.23,-9.05,-11.91
5658,-4.98,-9.03,-12.45
5665,-5.92,-8.86,-12.85
5665,-7.02,-8.82,-13.93
5666,-7.95,-8.76,-15.13
5667,-8.34,-8.72,-16.12
5669,-7.75,-8.56,-16.78
5671,-6.00,-8.26,-17.54
5674,-5.79,-8.13,-18.46
5675,-5.64,-7.54,-19.18
5678,-5.57,-6.77,-19.24
5680,-5.97,-6.37,-18.25
5684,-5.21,-6.20,-17.68
5686,-5.10,-6.24,-18.86
5691,-4.41,-6.31,-21.05
5692,-4.39,-6.70,-22.40
5693,-4.44,-6.88,-20.79
5697,-4.67,-6.83,-18.54
5698,-4.75,-6.38,-17.64
5701,-4.77,-5.71,-17.78
5704,-4.94,-4.99,-17.62
5708,-5.14,-4.69,-16.86
5709,-5.42,-4.80,-16.15
5711,-5.73,-5.00,-15.60
5714,-6.05,-5.22,-15.18
5716,-6.27,-5.29,-14.94
5719,-6.46,-5.21,-14.63
5720,-6.61,-5.08,-14.37
5726,-6.64,-4.96,-14.06
5727,-6.67,-4.83,-13.65
5729,-6.65,-4.76,-13.37
5730,-6.51,-4.67,-13.05
5733,-6.38,-4.56,-12.79
5736,-6.20,-4.46,-12.57
5740,-5.94,-4.37,-12.47
5742,-5.56,-4.31,-12.44
5745,-5.11,-4.26,-12.43
5751,-4.65,-4.12,-12.42
5751,-4.22,-4.00,-12.39
5751,-3.70,-3.93,-12.18
5754,-3.17,-3.73,-11.96
5757,-2.74,-3.44,-11.84
5759,-2.32,-3.09,-11.58
5762,-1.83,-2.78,-11.37
5764,-1.66,-2.55,-11.30
5766,-1.51,-2.34,-11.23
5769,-0.65,-2.13,-10.93
5774,-0.55,-2.10,-10.74
5774,-0.35,-1.95,-10.80
5776,0.10,-1.66,-10.74
5779,0.55,-1.54,-10.66
5781,0.72,-1.59,-10.45
5784,0.73,-1.57,-9.93
5786,0.68,-1.30,-9.30
5791,0.66,-0.76,-8.56
5792,0.49,-0.40,-8.10
5794,0.38,-0.24,-7.76
5797,0.32,-0.26,-7.55
5798,0.49,-0.34,-7.50
5802,0.66,-0.32,-7.51
5804,0.80,-0.37,-7.62
5808,1.01,-0.42,-7.91
5809,1.30,-0.36,-8.15
5811,1.59,-0.34,-8.38
5814,1.92,-0.38,-8.73
5816,2.34,-0.37,-9.21
5819,2.87,-0.41,-9.74
5824,3.33,-0.60,-10.28
5825,3.80,-0.75,-10.85
5826,4.33,-0.88,-11.45
5829,4.79,-0.96,-12.17
5831,5.15,-1.03,-12.86
5837,5.47,-1.10,-13.64
5838,5.80,-1.30,-14.48
5840,5.90,-1.58,-15.21
5840,5.81,-1.80,-15.54
5846,6.77,-1.75,-16.36
5846,7.21,-2.07,-17.79
5849,7.70,-2.29,-18.86
5851,8.14,-2.69,-19.50
5854,8.25,-3.13,-19.92
5859,8.46,-3.35,-20.53
5860,8.59,-3.57,-21.64
5860,8.86,-4.00,-22.72
5864,9.22,-4.44,-23.39
5866,9.57,-4.81,-24.13
5870,9.80,-4.86,-24.94
5874,10.20,-4.62,-25.76
5875,10.53,-4.27,-26.67
5877,10.88,-3.96,-27.61
5881,11.18,-3.64,-28.79
5882,11.45,-3.36,-30.22
5885,11.65,-3.21,-31.66
5886,11.98,-3.11,-33.22
5892,12.35,-2.87,-35.01
5892,12.61,-2.51,-36.57
5894,12.69,-1.83,-38.01
5899,12.60,-1.07,-39.70
5900,12.40,-0.44,-41.33
5900,12.30,0.09,-43.08
5904,11.78,0.35,-45.05
5908,11.05,0.35,-47.02
5910,10.31,0.32,-48.54
5911,9.44,0.39,-50.18
5914,8.23,0.50,-51.44
5917,7.48,0.56,-52.78
5919,6.01,0.63,-53.78
5924,4.60,0.82,-53.66
5931,2.91,0.93,-54.15
5932,1.43,0.96,-54.67
5933,-0.34,0.95,-55.04
5933,-2.00,0.82,-55.04
5934,-3.41,0.76,-54.85
5937,-4.56,0.83,-54.58
5942,-5.59,1.11,-53.95
5942,-6.43,1.48,-52.92
5944,-7.12,1.98,-51.82
5948,-7.84,2.44,-50.51
5949,-8.57,2.85,-48.84
5952,-9.24,3.06,-47.33
5954,-9.74,3.11,-46.18
5958,-10.02,3.14,-44.73
5959,-10.47,3.00,-43.39
5962,-10.69,2.66,-41.87
5964,-10.60,2.40,-40.37
5967,-10.35,2.26,-38.95
5970,-10.09,2.25,-37.31
5974,-9.95,2.18,-35.38
5976,-9.96,2.15,-33.43
5976,-9.58,1.76,-28.71
5980,14.81,-17.20,51.73
5984,-3.23,14.67,4.56
5985,22.75,29.77,-75.72
5987,4.00,-49.11,-78.95
5989,-53.26,-78.18,-70.95
5993,-15.76,-27.52,-22.65
5994,-27.89,13.19,-9.44
5997,-56.70,42.14,-60.89
5999,-38.55,48.98,-78.95
6001,5.61,19.37,-78.91
6011,8.53,-2.87,-78.45
6014,4.99,-10.47,-77.19
6015,12.38,-10.14,-61.97
6016,8.44,-4.96,-8.69
6017,-2.42,9.30,11.44
6017,-3.08,-23.15,51.00
6020,-1.83,-39.11,76.37
6024,1.64,-30.28,21.05
6025,5.88,-8.21,1.44
6027,1.69,8.16,-0.61
6030,-2.72,3.63,-5.47
6032,-3.27,3.79,-0.98
6035,-3.99,-3.26,11.21
6040,-5.17,-13.47,17.36
6041,-1.28,-21.03,20.63
6042,3.92,-22.88,34.69
6045,6.19,-22.54,71.32
6047,7.30,-14.84,74.01
6050,-2.06,-10.13,40.37
6052,0.81,-4.48,44.26
6054,-2.81,-3.64,34.85
6059,-4.04,-3.50,25.35
6060,-5.34,-3.85,33.56
6065,-7.71,-6.71,32.20
6066,-7.81,-7.75,24.46
6067,-8.26,-8.07,20.87
6070,-7.76,-7.75,16.57
6074,-7.15,-7.50,12.71
6076,-6.74,-6.78,8.89
6077,-6.85,-5.83,6.63
6079,-5.97,-5.30,5.67
6082,-4.01,-4.67,4.05
6085,-3.03,-3.91,2.61
6089,-2.33,-3.40,1.74
6093,-1.39,-3.02,0.96
6093,-0.80,-2.67,0.63
6094,-0.29,-2.46,0.10
6097,0.42,-3.33,-0.70
6100,1.45,-3.98,-0.97
6102,2.66,-3.83,-0.78
6104,3.42,-3.93,0.12
6110,3.70,-4.13,1.25
6110,3.81,-4.36,2.65
6111,3.81,-4.61,3.77
6114,3.87,-4.87,5.44
6117,3.84,-5.11,7.21
6119,3.85,-5.36,8.61
6124,3.77,-5.48,10.13
6125,3.58,-5.48,11.73
6127,3.32,-5.31,13.10
6129,3.07,-5.29,14.57
6131,2.26,-5.41,15.40
6134,0.83,-5.72,13.69
6137,0.75,-6.32,10.61
6139,0.73,-7.00,8.37
6142,0.00,-7.51,7.45
6145,-0.97,-8.17,6.87
6148,-0.99,-8.87,6.12
6150,-1.22,-9.15,5.40
6152,-1.66,-9.09,4.64
6157,-1.77,-8.97,3.60
6157,-1.68,-8.76,2.40
6159,-1.46,-8.47,1.27
6163,-1.27,-8.37,0.07
6167,-1.35,-8.84,-1.53
6167,-1.61,-10.25,-4.17
6169,-1.14,-10.41,-6.65
6172,0.14,-9.78,-8.50
6175,1.00,-9.23,-10.18
6177,1.30,-8.77,-11.81
6180,0.96,-8.65,-12.87
6182,0.35,-8.29,-13.19
6185,0.64,-8.39,-14.42
6187,1.41,-8.22,-15.14
6191,1.96,-7.50,-16.08
6192,2.61,-6.08,-16.59
6194,2.68,-4.32,-17.26
6197,2.05,-2.50,-17.78
6200,1.44,-0.93,-18.14
6202,0.75,0.23,-19.06
6207,0.15,1.06,-19.88
6208,-0.19,1.69,-20.93
6210,-0.70,1.99,-21.62
6212,-1.34,2.23,-21.73
6215,-1.83,2.57,-21.36
6218,-2.18,2.95,-20.93
6220,-2.46,3.47,-20.72
6222,-2.64,3.98,-21.13
6225,-3.03,4.43,-21.36
6227,-3.24,4.95,-21.44
6230,-3.58,5.38,-21.30
6232,-3.68,5.61,-20.87
6235,-3.66,5.86,-19.94
6240,-3.51,6.10,-19.04
6244,-3.35,6.38,-18.36
6245,-3.21,6.79,-17.50
6245,-3.11,7.11,-16.60
6247,-2.95,7.11,-15.78
6251,-2.70,6.99,-15.21
6253,-2.61,7.25,-14.69
6257,-2.67,7.87,-14.42
6258,-2.68,8.64,-14.39
6261,-3.07,9.39,-14.34
6263,-3.89,9.85,-14.39
6267,-4.66,10.15,-14.68
6267,-5.36,10.38,-15.13
6270,-6.21,10.40,-15.76
6274,-7.36,10.20,-16.48
6275,-8.59,9.95,-17.12
6278,-9.67,9.68,-17.63
6281,-10.54,9.47,-18.07
6283,-11.06,9.45,-18.39
6286,-11.45,9.53,-18.79
6288,-11.86,9.32,-19.55
6292,-12.10,8.79,-20.61
6293,-12.06,7.99,-21.91
6296,-11.73,6.86,-23.15
6298,-11.28,5.77,-24.42
6301,-10.45,4.85,-25.81
6302,-9.44,4.07,-27.18
6307,-8.27,3.51,-28.50
6311,-7.02,3.03,-29.47
6312,-5.68,2.60,-30.16
6312,-4.29,2.14,-30.72
6316,-3.06,1.67,-31.19
6318,-1.90,1.06,-31.44
6323,-0.77,0.33,-31.72
6324,0.13,-0.45,-31.91
6327,0.72,-1.38,-32.05
6327,1.11,-2.46,-32.30
6331,1.25,-3.45,-32.58
6333,1.09,-4.52,-33.03
6336,0.89,-5.71,-33.28
6340,0.68,-6.89,-33.44
6341,0.30,-7.96,-33.85
6343,-0.34,-8.91,-34.40
6346,-0.83,-9.52,-35.10
6348,-1.26,-10.09,-36.18
6351,-1.70,-10.61,-37.68
6352,-1.92,-10.98,-39.45
6357,-2.04,-11.21,-41.34
6358,-2.12,-11.41,-43.31
6361,-2.28,-11.52,-45.34
6363,-2.26,-11.50,-47.31
6366,-2.18,-11.37,-49.41
6368,-2.07,-11.02,-51.35
6371,-1.78,-10.51,-53.02
6375,-1.46,-10.07,-54.74
6377,-0.95,-9.80,-56.43
6379,-0.36,-9.76,-58.01
6381,0.28,-9.91,-59.29
6382,0.99,-10.28,-60.22
6387,1.83,-10.79,-60.62
6390,2.78,-11.41,-60.56
6391,3.89,-11.86,-59.89
6392,4.92,-12.26,-58.75
6401,5.89,-12.62,-57.03
6402,6.81,-13.17,-55.04
6403,7.42,-13.96,-52.76
6403,8.06,-14.92,-50.17
6408,8.39,-15.94,-47.22
6409,8.35,-16.89,-44.27
6411,7.41,-17.48,-41.22
6413,7.58,-17.88,-38.29
6417,8.06,-18.73,-35.12
6419,7.50,-19.78,-31.58
6421,6.60,-20.36,-28.27
6426,5.88,-20.40,-24.91
6427,5.13,-20.07,-21.47
6428,4.60,-19.65,-18.01
6432,4.39,-18.72,-14.64
6433,4.21,-17.38,-11.36
6437,3.88,-16.36,-8.17
6441,4.11,-15.45,-2.92
6442,25.82,-21.71,42.38
6443,19.39,-13.29,-12.89
6448,-7.69,-10.28,-72.93
6448,-2.41,-54.57,-78.95
6452,7.25,-71.71,-77.73
6454,10.68,-22.19,-29.88
6460,-5.79,10.60,5.79
6460,-13.54,10.55,-3.69
6462,-19.90,9.69,-18.19
6462,-25.01,11.48,-38.28
6466,-6.43,14.57,-76.18
6468,22.63,12.72,-78.95
6476,13.40,0.56,-48.77
6477,0.49,-0.09,-2.86
6478,6.12,-6.19,6.06
6479,12.93,-16.58,10.66
6482,19.86,-20.44,16.55
6483,20.69,-18.05,26.23
6486,14.93,-13.51,48.48
6492,21.26,-5.85,67.52
6493,12.09,-5.55,29.95
6493,6.67,-5.88,13.43
6497,6.37,-4.65,12.47
6499,7.69,-3.99,13.44
6502,10.36,-3.27,18.41
6504,17.10,-0.36,41.27
6509,19.48,0.90,64.35
6509,1.06,-1.37,44.91
6512,-2.38,-0.68,30.98
6513,-0.00,-1.17,30.20
6517,-3.41,-3.33,30.95
6520,-4.54,-4.25,28.72
6521,-4.95,-3.50,24.67
6526,-5.91,-2.78,21.65
6528,-6.50,-2.21,18.86
6528,-6.96,-1.64,16.48
6532,-7.65,-1.43,14.25
6534,-8.57,-2.40,12.63
6537,-8.80,-2.62,10.46
6541,-8.67,-2.48,8.97
6546,-7.90,-2.37,8.20
6553,-7.06,-2.29,7.37
6554,-5.81,-2.14,6.23
6555,-4.65,-2.00,5.08
6556,-3.72,-1.72,3.88
6557,-2.98,-1.11,2.68
6558,-2.56,-0.22,1.47
6558,-2.30,0.42,0.04
6563,-1.76,0.42,0.04
6563,-1.00,-0.18,0.42
6569,-0.56,-0.81,0.51
6570,-0.38,-1.26,0.95
6573,0.02,-1.95,1.08
6578,0.79,-2.69,1.19
6578,1.38,-3.35,1.32
6579,1.36,-3.79,1.39
6582,1.40,-4.37,1.21
6584,1.72,-5.07,0.87
6587,2.03,-5.63,0.44
6591,2.16,-5.93,0.10
6592,2.24,-6.09,-0.13
6593,2.43,-6.65,-0.61
6597,3.06,-7.02,-1.31
6601,4.19,-7.16,-2.16
6602,5.33,-7.22,-2.42
6604,6.32,-7.26,-2.90
6610,6.79,-7.32,-4.02
6612,6.65,-7.90,-5.06
6613,5.88,-8.61,-5.91
6615,5.76,-8.43,-6.82
6616,6.08,-8.69,-7.37
6620,6.37,-8.86,-7.97
6625,6.53,-8.28,-8.79
6626,6.52,-7.95,-9.39
6627,6.53,-7.68,-10.01
6630,6.55,-7.14,-10.68
6634,6.58,-6.54,-11.32
6635,6.49,-6.03,-11.92
6637,6.36,-5.36,-12.37
6640,6.06,-4.57,-12.71
6642,5.51,-3.96,-12.81
6644,4.64,-3.50,-12.85
6647,3.91,-3.02,-12.84
6649,3.06,-2.60,-12.72
6652,2.20,-2.05,-12.68
6658,1.57,-1.30,-12.76
6659,0.81,-0.99,-12.45
6659,0.08,-0.61,-12.12
6663,-0.56,-0.20,-11.87
6664,-1.18,-0.01,-11.68
6667,-1.93,-0.00,-11.71
6669,-2.38,0.17,-11.70
6674,-2.92,0.30,-12.25
6675,-3.78,0.39,-13.46
6677,-4.68,0.51,-14.38
6680,-5.66,0.49,-15.19
6682,-6.43,0.60,-15.48
6685,-6.99,0.48,-15.10
6687,-6.99,0.58,-14.21
6692,-7.11,1.18,-13.59
6693,-7.56,2.10,-13.47
6694,-8.56,2.46,-13.32
6697,-9.64,2.40,-12.60
6699,-10.46,2.00,-11.38
6702,-10.57,1.21,-10.08
6708,-9.51,0.59,-9.37
6714,-7.90,0.53,-9.81
6716,-7.53,0.77,-10.97
6716,-7.40,1.35,-12.01
6717,-6.60,2.19,-12.97
6718,-5.57,2.87,-13.92
6720,-4.58,3.20,-14.61
6723,-3.65,3.56,-15.05
6724,-2.91,3.99,-15.24
6728,-2.09,4.47,-15.27
6730,-1.34,5.12,-15.38
6732,-0.77,5.81,-15.47
6734,-0.25,6.57,-15.64
6737,0.36,7.30,-15.98
6743,0.93,8.12,-16.45
6744,1.37,8.86,-17.10
6745,1.24,9.36,-17.81
6748,1.06,9.66,-18.81
6749,0.06,9.52,-19.59
6753,-0.63,9.01,-19.85
6757,0.17,8.31,-24.93
6758,-1.42,6.47,-29.81
6760,-2.70,4.07,-31.37
6762,-2.53,1.78,-29.62
6764,-2.49,-0.19,-28.64
6767,-4.00,-2.47,-29.64
6770,-6.15,-4.69,-30.44
6774,-6.40,-5.59,-29.17
6775,-3.95,-7.17,-32.96
6777,-1.67,-11.87,-39.47
6779,0.45,-17.56,-49.31
6782,-0.24,-21.27,-53.93
6789,3.21,-21.28,-49.85
6790,6.34,-19.79,-48.71
6790,8.62,-18.70,-55.14
6794,11.61,-17.75,-63.25
6795,14.87,-16.74,-65.53
6798,18.03,-15.97,-66.14
6800,20.03,-16.04,-68.12
6803,22.47,-16.00,-71.19
6804,24.19,-15.77,-73.70
6809,24.45,-12.82,-73.99
6809,22.87,-10.04,-71.33
6813,25.20,-16.20,-67.52
6815,26.03,-21.21,-69.70
6818,25.65,-21.15,-75.22
6821,24.38,-20.67,-71.21
6826,23.39,-19.47,-63.85
6826,22.88,-18.06,-60.71
6828,21.11,-17.51,-59.63
6830,19.01,-17.79,-56.66
6833,17.48,-18.59,-51.91
6835,15.20,-19.28,-48.01
6838,12.80,-19.59,-44.73
6844,10.50,-19.49,-40.86
6846,8.87,-18.14,-36.05
6847,7.54,-16.64,-31.44
6848,4.99,-15.12,-27.54
6850,2.84,-13.28,-23.80
6853,1.24,-11.47,-20.08
6857,-0.48,-10.12,-16.78
6858,-3.58,-7.85,-8.97
6860,-26.29,3.42,22.40
6864,16.59,-49.26,2.87
6866,22.10,-25.43,-5.66
6868,2.11,-10.22,18.94
6869,-53.05,6.09,-48.39
6873,-75.14,25.93,-78.95
6874,1.20,20.69,-54.84
6879,14.87,3.09,-3.63
6881,5.72,2.63,-6.93
6883,3.88,8.44,-18.15
6885,-4.00,13.24,-24.77
6891,-13.13,16.29,-28.10
6892,-12.90,12.82,-24.06
6893,-9.67,6.11,-13.23
6895,-8.72,2.30,-6.30
6901,-10.35,0.19,-3.51
6901,-14.79,-1.82,-3.72
6904,-18.48,-3.26,-4.59
6908,-15.21,-3.90,-1.57
6909,-8.83,-4.66,8.42
6910,-15.53,-2.86,-9.63
6914,-23.94,-7.30,13.23
6915,-26.31,-7.21,21.92
6919,-21.12,-6.24,15.62
6921,-14.38,-2.55,18.89
6922,-12.50,1.96,32.11
6928,-11.35,3.86,45.14
6929,-7.46,4.57,40.45
6930,-5.41,5.97,29.53
6933,-6.81,7.99,22.85
6934,-8.71,7.21,17.74
6945,-8.13,4.95,14.45
6946,-5.72,1.48,14.23
6947,-3.18,-1.22,17.60
6947,-0.93,-2.45,22.02
6948,0.52,-3.22,24.38
6950,1.44,-3.36,25.04
6953,1.88,-3.30,24.41
6956,2.17,-3.70,23.13
6958,2.46,-4.41,20.93
6961,3.11,-5.32,19.59
6964,3.93,-6.40,18.63
6966,4.79,-7.44,17.45
6969,5.23,-8.19,16.44
6971,5.63,-8.74,15.66
6975,6.06,-9.28,15.12
6976,6.54,-9.66,14.13
6978,6.94,-9.94,12.93
6981,7.10,-10.21,11.52
6983,7.05,-10.42,9.85
6986,6.97,-10.53,8.47
6988,6.92,-10.46,7.13
6992,6.93,-10.20,5.90
6993,7.13,-9.79,4.78
6995,7.35,-9.35,3.48
6997,7.94,-9.03,1.97
7001,8.38,-8.73,0.50
7003,8.47,-8.32,-0.41
7009,9.12,-8.03,-1.17
7009,9.49,-7.52,-2.18
7011,9.44,-7.30,-3.31
7016,9.37,-7.30,-4.50
7020,9.01,-7.01,-5.00
7020,8.78,-7.02,-5.59
7021,7.70,-6.89,-5.91
7025,7.79,-6.66,-5.47
7026,8.81,-7.21,-5.63
7030,9.82,-7.76,-5.63
7031,9.91,-8.20,-5.03
7033,8.67,-8.97,-4.34
7036,7.78,-10.05,-2.83
7038,7.74,-11.05,-1.18
7042,7.20,-12.37,0.40
7043,7.72,-13.20,1.07
7045,7.06,-12.77,2.49
7049,7.23,-11.45,2.62
7051,6.85,-10.99,1.26
7054,6.75,-10.47,-0.04
7058,6.58,-9.23,-0.51
7059,6.48,-7.98,-0.79
7061,5.94,-6.65,-1.49
7064,4.77,-6.02,-2.77
7066,4.70,-6.93,-3.60
7069,5.12,-8.07,-3.48
7070,4.70,-9.01,-3.97
7079,4.81,-9.36,-4.82
7080,4.79,-9.20,-5.72
7081,4.48,-8.79,-6.57
7082,4.17,-8.56,-7.54
7084,3.71,-8.27,-8.32
7087,3.28,-7.88,-8.83
7095,2.81,-7.46,-9.68
7096,2.25,-7.22,-10.60
7097,1.70,-6.91,-11.05
7097,1.24,-6.39,-11.37
7098,0.75,-6.01,-11.97
7102,0.06,-5.77,-12.42
7103,-1.12,-6.00,-13.29
7107,-2.16,-6.40,-14.20
7108,-3.16,-6.76,-15.42
7111,-4.10,-7.16,-16.78
7114,-4.59,-7.59,-17.73
7117,-5.00,-7.98,-18.18
7119,-5.41,-8.23,-18.42
7123,-5.76,-8.42,-18.37
7124,-6.04,-8.60,-18.33
7125,-6.24,-8.63,-18.18
7129,-6.31,-8.61,-18.02
7131,-6.39,-8.29,-18.08
7134,-6.73,-8.08,-18.16
7136,-7.00,-8.01,-18.08
7141,-6.96,-7.73,-17.44
7142,-7.00,-7.00,-15.97
7144,-7.64,-7.14,-14.46
7146,-8.11,-7.87,-13.88
7149,-6.02,-7.88,-14.12
7150,-5.13,-8.12,-15.30
7154,-5.54,-8.26,-16.97
7158,-4.53,-7.56,-18.07
7164,-3.40,-6.46,-18.40
7165,-2.90,-5.58,-17.84
7166,-3.38,-5.07,-17.22
7166,-4.19,-4.45,-16.80
7169,-4.11,-4.01,-16.29
7174,-4.57,-4.19,-16.03
7175,-5.07,-4.58,-16.25
7176,-5.23,-5.09,-16.60
7179,-5.41,-5.22,-17.27
7182,-5.93,-4.78,-18.28
7184,-6.39,-4.26,-19.12
7186,-6.59,-3.83,-19.86
7191,-6.82,-3.43,-20.78
7192,-6.95,-3.17,-21.49
7195,-6.98,-2.87,-22.20
7196,-7.03,-2.54,-22.75
7199,-6.98,-2.25,-23.48
7202,-6.71,-2.13,-24.13
7204,-6.35,-2.18,-24.67
7209,-5.95,-2.35,-25.02
7210,-5.40,-2.69,-25.43
7211,-4.84,-3.05,-25.98
7214,-4.31,-3.24,-26.54
7217,-3.80,-3.27,-27.17
7219,-3.33,-3.24,-27.74
7224,-2.78,-3.20,-28.33
7224,-2.16,-3.19,-28.70
7226,-1.55,-3.27,-29.07
7232,-1.02,-3.35,-29.47
7232,-0.49,-3.46,-29.89
7234,-0.06,-3.54,-30.29
7237,0.16,-3.33,-30.63
7240,0.61,-2.88,-31.16
7241,0.69,-2.46,-32.42
7244,0.45,-2.21,-33.46
7247,0.49,-1.99,-34.30
7249,0.48,-1.85,-35.13
7251,0.27,-1.62,-36.17
7254,-0.64,-1.03,-36.82
7258,-1.40,0.21,-35.78
7259,-0.51,1.41,-35.79
7263,1.50,1.61,-42.09
7264,-1.11,0.38,-48.69
7267,-1.99,0.42,-48.52
7269,0.07,2.04,-47.22
7272,-1.80,3.06,-48.20
7274,-0.65,3.87,-49.62
7276,1.00,4.38,-56.95
7280,-2.11,4.38,-57.93
7282,-1.98,5.63,-47.07
7284,-4.25,6.54,-44.81
7287,7.94,5.03,-58.59
7292,7.91,3.97,-78.82
7292,-2.48,4.17,-76.42
7295,2.87,6.06,-55.43
7296,3.33,6.64,-49.18
7304,4.05,7.01,-59.06
7305,5.44,6.93,-66.70
7306,4.83,6.32,-61.39
7310,2.39,5.52,-53.42
7311,1.15,4.42,-52.26
7311,0.26,2.69,-54.81
7315,-0.88,0.75,-54.24
7317,-2.39,-0.28,-49.53
7320,-4.04,-0.49,-45.01
7324,-5.67,-0.75,-42.78
7325,-6.83,-1.24,-41.35
7327,-7.63,-1.83,-38.81
7330,-9.06,-2.88,-35.48
7332,-10.32,-4.09,-32.03
7335,-11.22,-4.95,-28.81
7339,-12.05,-5.60,-25.55
7341,-12.57,-6.37,-21.65
7341,9.85,-17.80,37.85
7344,32.93,8.66,-3.30
7347,-21.79,7.90,-67.37
7350,-11.72,-8.38,-37.89
7351,-37.23,-54.02,-66.86
7355,-71.50,-78.18,-78.95
7360,-16.47,-9.24,-48.62
7361,-5.15,38.71,2.97
7361,-20.88,17.82,-11.94
7370,-46.20,12.73,-56.50
7370,-26.43,23.33,-78.95
7371,3.92,18.09,-76.55
7372,5.80,8.85,-37.32
7375,8.84,6.17,-22.09
7376,10.55,2.73,-16.76
7380,6.36,-4.36,-4.51
7383,5.83,-16.00,-17.00
7385,10.00,-14.44,11.11
7390,13.37,-25.57,26.55
7391,12.48,-29.62,48.49
7392,10.14,-22.80,78.03
7395,5.33,-11.58,53.24
7397,2.43,-8.86,23.16
7400,4.32,-7.02,18.22
7403,5.65,-5.34,17.33
7406,6.38,-7.50,32.95
7408,3.17,-7.94,33.74
7409,3.80,-8.57,42.29
7412,5.29,-9.13,54.49
7415,1.93,-8.03,44.20
7417,0.28,-6.55,34.07
7420,1.17,-5.36,30.41
7424,0.03,-4.96,23.70
7425,-0.15,-5.22,20.99
7427,-0.13,-5.88,19.75
7429,0.21,-6.07,16.32
7432,1.48,-6.19,13.42
7438,2.35,-6.61,10.77
7439,3.19,-6.58,8.77
7442,4.07,-6.24,7.25
7443,4.61,-5.52,5.10
7445,5.22,-4.63,2.35
7447,6.02,-3.23,0.61
7450,7.30,-2.89,-0.99
7452,8.49,-3.12,-3.16
7456,9.46,-2.77,-5.25
7457,9.84,-2.35,-6.80
7460,9.21,-2.17,-7.21
7463,8.90,-1.90,-7.77
7465,8.45,-1.77,-7.74
7467,7.86,-1.87,-7.55
7470,6.80,-1.92,-7.25
7474,5.65,-1.83,-6.43
7475,4.61,-2.15,-5.55
7477,3.60,-2.11,-4.02
7480,2.96,-1.75,-2.54
7483,2.67,-1.67,-1.01
7485,2.58,-1.74,0.20
7490,2.12,-1.70,1.25
7494,1.44,-1.59,2.31
7495,0.60,-1.63,3.02
7496,-0.25,-1.83,3.82
7497,-0.75,-1.88,4.18
7506,-1.06,-1.88,4.84
7506,-1.57,-1.81,5.69
7507,-1.82,-2.01,6.08
7508,-1.79,-2.27,6.29
7511,-1.80,-2.44,6.50
7511,-1.80,-2.84,6.43
7515,-1.72,-3.30,5.97
7517,-1.46,-3.85,5.25
7520,-1.19,-4.41,4.29
7524,-1.05,-4.82,3.45
7525,-1.09,-4.90,2.81
7528,-1.10,-4.85,2.16
7530,-0.86,-4.60,1.47
7533,-0.50,-4.11,0.58
7536,0.01,-3.30,-1.03
7539,0.49,-2.35,-2.98
7540,0.91,-1.31,-4.40
7543,1.34,-0.73,-5.40
7545,1.06,-0.93,-5.91
7547,0.32,-1.38,-5.97
7550,-0.35,-1.64,-5.94
7552,-0.80,-1.78,-5.91
7555,-1.11,-1.65,-6.13
7557,-1.35,-1.27,-6.37
7560,-1.62,-0.84,-6.80
7562,-2.41,-0.35,-7.52
7565,-3.64,0.20,-8.43
7567,-5.01,1.50,-13.79
7574,-5.92,0.90,-12.42
7575,-6.44,1.47,-13.56
7575,-6.84,1.70,-15.05
7578,-7.17,1.26,-15.24
7580,-6.90,0.99,-14.12
7583,-6.38,0.80,-12.66
7585,-5.82,0.77,-11.76
7588,-5.60,0.94,-11.72
7591,-5.70,1.22,-12.27
7593,-5.84,1.42,-12.95
7595,-5.95,1.35,-13.37
7597,-5.86,0.97,-13.71
7602,-5.47,0.21,-13.38
7604,-4.91,-0.29,-13.32
7608,-4.33,-0.63,-13.74
7609,-3.86,-1.02,-13.95
7611,-3.63,-1.23,-14.20
7613,-3.39,-1.38,-14.61
7615,-3.03,-1.52,-14.99
7618,-2.74,-1.48,-15.91
7621,-2.59,-1.54,-16.95
7623,-2.41,-1.86,-18.10
7626,-2.23,-2.55,-19.27
7627,-2.13,-3.54,-20.59
7632,-2.06,-4.51,-21.60
7633,-2.20,-5.11,-22.16
7635,-1.54,-5.82,-23.37
7639,-1.83,-7.06,-25.15
7640,-2.71,-8.25,-25.95
7644,-6.33,-7.80,-21.01
7646,-3.41,-6.20,-17.91
7648,0.08,-9.03,-25.78
7650,-0.36,-13.88,-31.85
7653,-1.02,-16.55,-47.61
7656,-7.00,-16.69,-51.84
7658,-1.84,-13.37,-40.46
7661,1.27,-12.26,-33.38
7664,1.58,-13.57,-37.04
7666,3.21,-14.02,-45.90
7668,4.54,-12.66,-52.25
7673,5.57,-10.81,-51.89
7674,5.99,-10.45,-49.62
7676,7.17,-12.06,-51.17
7677,8.69,-14.09,-55.37
7681,10.13,-14.59,-58.02
7683,11.25,-13.43,-58.62
7686,11.70,-11.99,-59.53
7689,12.67,-11.20,-60.47
7690,13.66,-11.13,-61.58
7692,14.35,-11.26,-62.26
7697,14.53,-11.31,-62.21
7702,14.16,-11.05,-61.81
7703,13.40,-10.61,-61.42
7703,12.48,-10.18,-60.87
7706,11.31,-10.05,-59.90
7708,9.79,-10.23,-58.35
7711,8.34,-10.39,-56.47
7713,6.61,-10.58,-54.58
7716,4.77,-10.82,-52.47
7718,2.86,-10.93,-50.20
7723,0.91,-10.97,-47.90
7723,-1.00,-11.01,-45.61
7726,-2.80,-11.00,-43.36
7727,-4.48,-10.73,-40.94
7731,-5.91,-10.10,-38.42
7734,-7.03,-9.15,-35.83
7736,-7.86,-8.03,-33.40
7740,-8.45,-6.95,-31.13
7741,-9.08,-5.94,-29.07
7744,-9.54,-5.06,-27.12
7746,-9.72,-4.43,-25.33
7748,-9.71,-3.97,-23.63
7751,-9.58,-3.51,-22.05
7755,-9.31,-3.14,-20.42
7756,-8.66,-2.59,-18.66
7758,-7.94,-1.92,-16.90
7765,-7.21,-1.21,-15.21
7765,-6.56,-0.57,-13.71
7766,-6.01,-0.23,-12.22
7769,-5.57,-0.18,-10.82
7771,-5.17,-0.29,-9.36
7773,-4.79,-0.42,-7.88
7776,-3.98,-0.95,1.28
7778,32.32,16.32,17.88
7781,24.34,-15.53,-15.09
7784,-17.21,-36.50,-41.76
7788,-27.40,-51.00,-67.52
7789,44.22,-47.61,-78.95
7791,-2.25,-1.73,-56.89
7794,-15.48,16.07,1.16
7797,-6.04,17.12,-9.58
7798,-8.23,20.37,-12.69
7801,-16.10,30.79,-21.38
7806,-24.28,39.14,-37.83
7807,-17.37,41.75,-49.48
7808,4.67,32.31,-52.41
7811,15.41,12.79,-46.52
7813,8.78,-5.26,-33.04
7816,4.73,-11.27,-16.63
7818,6.62,-10.13,-6.08
7826,4.67,-9.90,-0.71
7827,1.57,-9.84,3.47
7828,0.75,-9.68,6.39
7828,-0.16,-17.65,10.54
7832,-0.01,-17.06,22.37
7834,0.88,-19.40,40.68
7837,18.18,-22.02,75.80
7840,11.40,-15.02,66.10
7841,-1.90,-12.65,37.69
7844,2.89,-9.54,38.75
7847,10.55,-6.21,62.04
7848,0.90,-6.08,44.81
7851,-2.74,-4.59,23.30
7855,-0.49,-4.30,20.68
7856,2.00,-5.19,24.78
7858,4.86,-5.70,28.50
7862,6.72,-6.07,29.55
7864,5.82,-6.32,25.52
7867,2.46,-6.37,18.45
7869,1.83,-6.06,12.57
7874,2.82,-6.07,7.26
7875,4.03,-6.50,3.70
7876,5.61,-6.57,1.30
7878,7.42,-6.10,0.09
7882,8.47,-5.08,-1.92
7884,8.54,-3.75,-3.93
7893,10.15,-2.78,-6.11
7893,12.37,-2.89,-8.53
7894,13.41,-3.94,-10.93
7895,13.26,-5.23,-12.50
7898,12.62,-5.78,-12.93
7898,11.17,-6.16,-12.71
7902,9.31,-6.20,-11.13
7907,7.79,-6.37,-9.24
7907,7.01,-6.62,-7.34
7908,6.68,-7.26,-5.31
7912,6.75,-8.22,-3.20
7913,6.83,-9.06,-1.39
7918,6.20,-9.90,-0.11
7919,5.78,-10.58,0.81
7923,5.32,-11.09,1.26
7924,5.01,-11.44,1.42
7928,4.92,-11.68,1.39
7929,4.69,-11.76,1.49
7932,4.43,-11.84,1.43
7934,4.49,-11.97,1.15
7939,5.01,-12.09,0.74
7940,5.90,-12.08,0.37
7941,6.17,-11.78,0.18
7945,6.25,-10.63,-0.51
7947,6.47,-9.10,-1.67
7949,6.89,-8.69,-2.19
7956,6.76,-8.97,-2.58
7957,6.97,-9.08,-3.36
7958,7.03,-9.20,-4.11
7961,6.83,-9.13,-4.63
7962,7.05,-8.85,-4.98
7965,7.17,-8.73,-5.24
7967,6.98,-8.66,-5.56
7970,6.80,-8.46,-5.97
7974,6.80,-8.31,-6.30
7974,6.85,-8.18,-6.53
7977,6.62,-8.06,-6.86
7978,6.31,-8.00,-7.28
7982,6.05,-7.99,-7.69
7985,5.91,-7.86,-8.05
7986,5.68,-7.82,-8.46
7990,5.58,-7.48,-8.69
7991,5.44,-6.88,-8.44
7994,5.08,-7.07,-8.95
7997,5.01,-7.72,-9.73
8000,5.23,-8.22,-10.50
8002,5.33,-8.40,-10.97
8007,5.27,-8.64,-11.61
8008,4.90,-8.98,-12.47
8009,4.44,-9.33,-13.00
8012,3.97,-9.91,-13.61
8015,3.62,-10.35,-14.42
8017,3.56,-10.59,-15.13
8020,4.31,-10.82,-15.82
8025,5.16,-11.05,-16.29
8026,5.69,-11.04,-16.29
8030,6.00,-10.90,-15.95
8031,6.42,-10.43,-15.34
8032,7.15,-9.50,-15.37
8035,7.33,-8.86,-15.72
8038,7.30,-8.63,-15.66
8039,7.61,-8.41,-15.54
8042,7.64,-8.17,-15.71
8045,7.58,-8.04,-15.88
8048,7.66,-8.10,-16.39
8049,7.27,-8.31,-16.88
8052,6.61,-8.63,-17.58
8056,5.85,-8.91,-18.19
8057,5.06,-9.07,-18.66
8059,4.79,-8.90,-19.46
8063,3.95,-8.64,-20.42
8066,2.90,-8.41,-20.76
8068,1.90,-8.12,-21.44
8069,0.69,-7.45,-21.59
8076,1.16,-7.77,-25.95
8077,-0.46,-8.85,-29.74
8077,-2.56,-9.19,-31.16
8079,-2.13,-8.85,-31.25
8087,-0.94,-8.44,-30.42
8087,-1.14,-8.12,-29.40
8088,-2.57,-7.49,-29.66
8091,-2.61,-6.12,-31.06
8092,-2.85,-5.27,-34.58
8094,-5.03,-4.31,-36.02
8098,-4.32,-2.82,-34.85
8099,-4.46,-2.90,-34.85
8103,-7.57,-4.30,-33.33
8106,-4.96,-5.11,-31.18
8107,-4.02,-6.14,-34.23
8110,-4.62,-6.11,-37.50
8113,-3.33,-4.58,-39.37
8115,-2.09,-2.72,-39.47
8118,-1.14,-1.01,-38.90
8123,-0.44,0.40,-39.16
8123,-0.49,1.38,-40.50
8125,-1.26,1.57,-41.87
8128,-1.78,2.17,-42.98
8131,-2.55,2.81,-43.53
8132,-3.69,3.05,-44.47
8135,-4.82,3.47,-45.63
8139,-5.29,4.18,-46.81
8140,-6.16,5.04,-47.93
8143,-7.06,5.86,-49.29
8149,-7.73,6.14,-50.86
8149,-7.47,6.71,-54.57
8150,-8.91,7.69,-57.32
8152,-8.82,8.61,-59.02
8156,-10.12,8.79,-58.87
8157,-9.36,9.78,-61.39
8160,-10.55,10.39,-64.06
8162,-11.11,10.68,-62.95
8165,-11.03,10.84,-60.99
8168,-11.53,10.67,-60.21
8173,-11.90,10.42,-60.22
8174,-11.75,10.25,-59.50
8174,-12.12,9.58,-57.58
8178,-12.63,8.83,-55.31
8180,-13.09,8.05,-53.09
8183,-13.40,7.00,-50.74
8186,-13.84,5.78,-47.86
8192,-14.20,4.51,-44.57
8193,-15.11,3.10,-38.79
8194,-26.06,20.58,15.85
8196,-37.04,11.30,0.02
8198,-20.65,-8.63,-21.68
8199,-71.78,-27.57,-78.95
8204,29.42,-29.01,-78.95
8205,27.06,-10.39,-45.43
8207,-11.01,1.57,5.10
8210,-14.34,5.51,-8.59
8212,-42.73,14.34,-32.22
8215,-63.83,23.85,-50.10
8219,-29.92,28.91,-50.96
8219,2.19,19.51,-49.58
8223,2.44,5.24,-46.15
8224,-7.71,-2.52,-38.08
8227,-14.44,-5.25,-29.47
8231,-20.25,-7.76,-24.42
8232,-20.45,-10.30,-19.61
8235,-16.42,-12.10,-12.46
8240,-13.78,-12.64,-5.85
8240,-13.41,-12.50,-0.40
8245,-9.58,-11.28,8.10
8245,-3.43,-11.20,21.69
8247,-1.18,-22.30,7.49
8250,-0.20,-20.27,40.51
8255,7.79,-22.93,77.97
8256,9.75,-19.74,69.78
8257,-0.92,-10.50,27.57
8261,2.61,-2.95,24.29
8264,1.20,-0.20,21.99
8266,3.03,-1.71,20.35
8268,9.46,-3.53,25.07
8272,13.37,-5.31,28.50
8273,12.58,-5.01,29.51
8275,12.08,-3.85,29.91
8282,9.28,-3.10,25.96
8282,7.07,-2.91,22.58
8282,6.47,-2.88,19.95
8286,6.35,-2.98,17.67
8288,6.85,-3.27,16.11
8289,7.35,-3.60,15.58
8293,7.51,-4.67,15.45
8295,7.71,-6.09,14.96
8299,9.07,-7.17,12.25
8301,13.17,-8.20,10.94
8306,17.69,-8.52,14.03
8307,19.23,-8.19,15.33
8308,12.89,-5.80,13.62
8311,10.89,-4.83,12.75
8313,13.12,-4.89,13.68
8315,12.93,-5.36,12.83
8318,12.78,-6.12,11.06
8323,12.64,-6.41,10.10
8323,12.54,-6.42,9.31
8326,12.20,-6.38,8.44
8328,11.88,-6.24,7.70
8330,11.42,-6.17,7.17
8333,10.89,-6.14,6.54
8336,10.37,-6.28,5.91
8340,9.74,-6.45,5.37
8341,9.15,-6.64,4.87
8343,8.61,-6.68,4.37
8347,8.14,-6.58,4.09
8349,7.74,-6.56,3.83
8350,7.60,-6.39,3.68
8355,7.55,-6.20,3.54
8356,7.50,-6.23,3.32
8358,7.44,-6.41,3.03
8362,7.49,-6.68,2.59
8363,7.61,-6.88,2.19
8366,7.68,-6.99,1.82
8368,7.91,-7.09,1.18
8372,8.06,-7.05,0.64
8374,8.16,-6.84,0.05
8375,8.35,-6.72,-0.47
8379,8.45,-6.64,-1.10
8380,8.51,-6.60,-1.61
8383,8.56,-6.63,-2.19
8387,8.55,-6.76,-2.77
8395,8.49,-6.95,-3.31
8396,8.37,-7.10,-3.84
8396,8.34,-7.27,-4.40
8397,8.19,-7.32,-4.91
8398,8.03,-7.37,-5.41
8400,8.29,-6.71,-5.85
8405,8.27,-6.10,-6.10
8406,7.93,-6.27,-6.64
8408,8.01,-6.64,-7.18
8411,8.22,-6.88,-7.64
8414,8.38,-7.20,-8.34
8417,8.44,-7.75,-9.34
8418,8.37,-8.19,-10.61
8422,8.23,-8.40,-11.96
8424,7.92,-8.73,-13.55
8427,7.69,-8.99,-15.13
8430,7.37,-9.12,-16.76
8430,6.23,-9.88,-18.91
8434,1.78,-11.83,-23.78
8441,-4.44,-14.71,-31.27
8443,-6.98,-15.74,-34.27
8443,0.16,-13.49,-23.29
8444,5.30,-13.83,-20.90
8447,7.46,-15.25,-21.25
8452,5.51,-16.95,-27.38
8453,0.87,-14.99,-29.83
8456,4.59,-10.76,-33.63
8457,1.35,-8.41,-38.23
8459,-2.17,-5.35,-37.24
8461,-2.12,-3.00,-31.85
8464,-2.45,-4.38,-27.66
8466,-2.63,-7.42,-25.55
8469,-2.73,-9.53,-25.45
8474,-2.91,-10.28,-27.18
8475,-4.03,-10.24,-29.78
8476,-5.66,-9.59,-31.84
8480,-6.37,-8.47,-32.60
8481,-6.06,-7.21,-32.22
8484,-5.82,-6.38,-31.73
8486,-5.94,-5.99,-31.88
8491,-6.16,-5.83,-32.48
8491,-6.61,-5.80,-33.08
8494,-7.12,-6.02,-33.20
8495,-7.62,-6.69,-32.62
8499,-7.36,-6.46,-32.06
8500,-7.34,-5.87,-31.95
8505,-8.14,-5.35,-32.34
8507,-8.49,-4.69,-32.92
8509,-8.34,-4.01,-33.46
8510,-7.99,-3.61,-33.93
8519,-7.83,-3.41,-34.48
8520,-7.58,-3.22,-34.76
8521,-6.97,-3.05,-35.24
8522,-6.45,-2.73,-35.98
8526,-6.25,-2.35,-36.43
8527,-5.29,-1.76,-37.78
8530,-5.51,-1.54,-39.66
8531,-4.85,-1.05,-40.85
8535,-4.48,-0.67,-41.68
8539,-4.46,-0.44,-42.35
8539,-4.21,-0.26,-43.01
8541,-4.00,-0.10,-43.81
8545,-3.70,0.14,-44.64
8548,-3.46,0.46,-45.58
8549,-3.33,0.85,-46.74
8551,-2.93,1.20,-47.87
8555,-2.45,1.58,-49.23
8557,-2.50,1.86,-50.48
8559,-2.61,2.08,-51.47
8561,-2.66,2.22,-52.02
8564,-3.11,2.15,-52.60
8568,-3.41,1.95,-52.99
8569,-3.43,1.76,-53.05
8574,-3.35,1.58,-52.55
8575,-2.72,1.37,-51.60
8582,-2.94,1.01,-50.75
8583,-2.76,0.67,-48.94
8584,-2.44,0.28,-47.00
8585,-1.85,-0.27,-45.08
8588,-1.99,-0.90,-43.26
8589,-1.03,-1.84,-40.92
8593,-0.46,-3.09,-39.19
8594,-2.78,-3.66,-37.64
8597,-3.27,-4.11,-34.62
8599,-4.94,-5.26,-31.53
8601,-5.59,-5.91,-27.98
8606,-5.46,-6.00,-24.78
8606,-7.76,-5.95,-20.83
8608,-23.00,9.73,14.35
8611,-26.77,-17.01,-0.09
8615,9.79,-14.56,-16.47
8617,-6.67,-12.49,-25.16
8619,-51.54,-41.31,-78.95
8624,-28.57,-25.74,-78.95
8625,13.78,1.07,-37.91
8626,4.09,3.05,1.38
8629,-1.76,2.38,-2.04
8631,-4.05,6.20,-15.69
8641,-2.96,9.85,-26.28
8641,-1.21,12.46,-35.03
8643,-0.93,13.43,-40.25
8643,-3.15,8.37,-26.13
8644,-4.69,2.82,-11.11
8648,-7.51,-0.41,-5.01
8649,-11.28,-2.91,-2.76
8652,-15.77,-5.31,-1.65
8655,-24.80,-8.57,-1.16
8656,-29.76,-11.42,2.73
8659,-27.11,-12.00,10.15
8662,-19.26,-9.42,22.92
8664,-17.33,-10.87,33.00
8667,-13.31,-10.00,61.67
8670,-8.66,-12.01,70.92
8674,-10.22,-12.81,49.33
8675,-9.29,-2.64,40.95
8676,-6.58,5.28,18.86
8679,-4.13,4.53,15.41
8681,1.65,3.57,25.79
8684,6.21,2.27,32.04
8689,5.22,-1.56,31.93
8690,0.73,-4.21,29.84
8691,1.81,-3.42,25.40
8695,2.02,-3.55,20.29
8700,2.16,-4.31,18.87
8701,1.89,-5.33,18.09
8702,1.40,-5.86,16.36
8707,1.21,-5.89,15.15
8708,0.92,-5.32,13.75
8710,0.49,-4.76,12.06
8711,0.26,-4.45,10.47
8715,-0.24,-4.53,9.03
8716,-0.83,-4.65,7.65
8720,-1.27,-4.84,6.34
8723,-1.63,-5.06,5.39
8725,-1.98,-4.95,4.47
8728,-2.34,-4.75,3.32
8730,-2.50,-4.52,2.20
8732,-2.44,-4.11,1.09
8734,-2.39,-3.82,-0.09
8739,-2.32,-3.79,-1.28
8740,-2.12,-3.71,-2.03
8741,-1.72,-3.78,-2.69
8745,-1.02,-3.99,-3.53
8747,0.02,-4.64,-3.54
8749,0.45,-5.52,-3.89
8751,0.50,-5.55,-4.54
8759,1.33,-5.73,-5.33
8766,2.75,-5.82,-6.18
8767,3.94,-5.35,-6.92
8768,5.01,-4.86,-7.53
8769,6.19,-4.50,-8.09
8770,6.53,-4.29,-9.27
8770,6.54,-4.24,-11.33
8775,6.75,-4.07,-8.49
8776,6.45,-3.97,-8.65
8777,6.11,-4.30,-9.93
8780,5.83,-4.17,-9.51
8781,5.37,-4.01,-9.24
8785,4.88,-4.30,-9.57
8789,4.67,-4.53,-9.71
8789,4.74,-4.60,-9.65
8792,4.78,-4.65,-9.89
8795,4.82,-4.61,-10.23
8796,4.76,-4.39,-10.63
8801,4.64,-4.26,-11.01
8803,4.51,-4.13,-11.37
8807,4.30,-4.01,-11.71
8807,4.00,-3.98,-11.91
8810,3.59,-3.94,-12.06
8812,3.08,-3.96,-12.05
8820,2.63,-4.09,-12.11
8820,2.26,-4.24,-12.14
8821,2.05,-4.28,-12.23
8822,2.03,-4.40,-12.41
8826,1.98,-4.55,-12.62
8827,1.98,-4.66,-12.98
8831,2.20,-4.72,-13.29
8831,2.57,-4.68,-13.58
8835,2.97,-4.52,-13.78
8839,3.21,-4.39,-13.80
8840,3.43,-4.36,-13.82
8842,3.73,-4.24,-13.82
8846,3.96,-4.15,-13.84
8848,4.27,-4.20,-13.65
8850,4.60,-4.17,-13.58
8852,5.00,-4.03,-13.68
8856,5.35,-3.95,-13.78
8857,5.80,-3.82,-13.73
8860,6.31,-3.58,-14.00
8862,6.64,-3.43,-14.26
8864,7.01,-3.34,-14.43
8867,7.52,-3.14,-14.55
8878,8.23,-3.10,-16.94
8879,9.59,-2.83,-14.82
8880,9.54,-2.68,-14.86
8881,9.13,-2.58,-15.00
8882,9.09,-2.21,-14.42
8883,8.88,-2.00,-14.00
8885,8.53,-2.23,-14.04
8889,8.40,-2.61,-14.31
8890,8.24,-2.84,-14.68
8892,8.35,-2.96,-15.05
8896,8.65,-2.96,-15.44
8897,8.99,-2.90,-15.81
8900,9.18,-2.84,-16.27
8902,9.33,-2.75,-16.89
8907,9.38,-2.76,-17.34
8907,9.50,-2.79,-17.88
8911,9.79,-2.99,-18.37
8914,10.08,-3.32,-19.05
8915,10.41,-3.59,-19.53
8917,10.77,-3.68,-20.04
8922,11.18,-3.66,-20.44
8923,10.50,-3.20,-19.96
8925,12.39,-3.05,-20.47
8932,13.19,-4.10,-22.94
8938,11.75,-5.14,-25.04
8939,12.46,-5.19,-25.58
8940,12.99,-5.03,-25.80
8941,12.79,-5.12,-25.81
8943,13.06,-5.12,-25.57
8944,12.05,-4.60,-24.93
8945,12.39,-3.44,-20.05
8949,17.16,-3.79,-22.76
8950,12.18,-5.88,-31.64
8953,7.80,-3.99,-28.77
8957,15.23,-2.16,-27.91
8958,14.19,-3.38,-35.41
8961,11.87,-4.69,-41.20
8963,14.43,-4.35,-39.76
8965,16.38,-4.80,-41.20
8968,11.52,-5.42,-44.08
8972,10.63,-4.13,-41.59
8974,10.43,-2.92,-38.79
8975,9.21,-3.40,-39.99
8978,9.12,-4.51,-44.28
8980,8.81,-4.90,-46.79
8983,8.73,-4.67,-48.15
8986,6.66,-4.64,-47.03
8989,6.55,-4.28,-43.80
8991,7.44,-4.63,-43.39
8993,6.74,-4.83,-44.52
9001,7.54,-4.10,-44.88
9001,7.02,-3.51,-44.77
9003,6.81,-3.33,-43.40
9003,6.49,-3.46,-42.07
9007,6.07,-3.79,-41.35
9009,5.43,-3.89,-40.71
9010,4.21,-3.66,-40.01
9014,2.73,-3.38,-39.00
9016,1.14,-3.30,-38.22
9017,-0.35,-3.52,-37.43
9020,-1.81,-3.84,-36.49
9024,-3.41,-4.11,-35.36
9025,-5.14,-4.08,-34.13
9028,-6.54,-3.67,-32.62
9031,-8.09,-3.21,-30.82
9032,-11.17,-3.21,-30.10
9037,-13.25,-3.30,-29.10
9041,-14.68,-3.65,-27.74
9042,-49.64,3.49,-26.11
9043,-67.00,-32.28,-16.39
9045,16.59,-41.34,55.76
9048,47.11,2.97,36.93
9051,-1.49,-5.53,-1.20
9055,-23.96,-2.40,4.64
9061,-38.29,3.25,-34.04
9061,-14.94,-0.72,-21.52
9063,6.17,-2.36,-4.73
9063,12.99,-3.48,-4.50
9066,12.86,-3.30,-6.56
9069,3.02,-3.54,5.61
9073,-1.54,-0.66,5.25
9074,-8.60,0.47,19.76
9077,-20.85,-1.16,28.08
9077,-32.21,-5.62,56.89
9082,-48.46,-7.97,33.05
9082,-64.19,-9.14,7.61
9086,-43.64,-3.71,42.84
9090,-24.77,-5.21,16.53
9091,-19.68,-4.79,6.88
9094,-22.95,-2.74,7.41
9096,-28.76,-1.62,6.21
9098,-25.10,-0.32,3.00
9101,-24.68,0.68,1.82
9106,-26.10,1.84,2.30
9107,-26.24,0.94,0.28
9108,-24.48,-0.94,-0.64
9111,-21.40,-1.69,-0.15
9113,-19.04,-2.33,0.22
9121,-17.47,-2.82,0.55
9122,-15.42,-3.27,1.10
9122,-12.69,-3.65,1.66
9123,-9.66,-3.91,2.16
9127,-6.38,-4.09,2.71
9132,-3.31,-4.15,3.27
9133,-0.86,-4.41,3.72
9134,1.07,-4.34,4.23
9136,3.05,-4.31,4.58
9140,4.94,-4.42,4.86
9141,6.25,-4.54,5.13
9143,7.54,-4.60,5.26
9146,8.96,-4.55,5.32
9149,10.01,-4.53,5.20
9151,10.61,-4.66,4.87
9155,11.25,-4.66,4.17
9156,11.33,-4.15,3.37
9158,10.60,-3.45,2.75
9161,9.31,-2.73,2.05
9163,6.69,-2.15,1.49
9167,4.51,-1.53,0.89
9169,3.88,-0.80,0.51
9181,2.80,-0.64,-0.02
9181,2.13,-0.86,-0.74
9183,1.78,-1.28,-1.60
9183,1.64,-1.59,-2.34
9185,1.46,-2.06,-3.06
9186,1.28,-2.47,-3.59
9186,1.22,-2.27,-4.10
9191,0.98,-1.34,-4.51
9192,0.10,-1.11,-4.62
9193,-1.10,-1.11,-4.79
9197,-2.34,-1.03,-5.36
9198,-3.55,-1.34,-6.58
9202,-4.81,-1.55,-8.58
9205,-6.07,-2.42,-11.36
9206,-6.04,-3.06,-13.81
9209,-2.99,-2.81,-14.93
9212,0.68,-2.03,-13.91
9213,2.89,-1.51,-13.72
9217,2.72,-1.69,-13.93
9218,1.91,-1.43,-13.81
9222,1.24,-0.59,-13.38
9226,0.63,0.33,-13.36
9228,-2.88,2.02,-10.05
9234,-4.00,3.40,-5.55
9235,-2.25,3.35,-6.44
9235,-0.72,3.11,-8.62
9241,3.07,2.57,-12.94
9242,6.77,-0.21,-18.43
9243,4.62,-3.39,-23.27
9244,2.36,-5.96,-25.80
9247,1.29,-5.71,-26.45
9249,-0.43,-3.42,-21.47
9252,0.07,-0.84,-15.29
9255,0.78,0.42,-11.31
9256,1.30,1.02,-9.15
9258,1.47,1.50,-8.30
9262,1.47,1.87,-8.31
9264,1.42,1.90,-8.97
9267,1.29,1.83,-10.09
9272,0.92,1.25,-11.08
9273,0.50,0.54,-11.70
9274,0.06,0.02,-11.63
9276,-0.29,-0.39,-10.86
9278,-0.31,-0.47,-9.87
9281,-0.30,-0.29,-8.81
9284,-0.53,-0.15,-7.99
9291,-0.84,0.00,-7.49
9292,-1.13,0.20,-7.32
9292,-1.46,0.33,-7.48
9293,-1.79,0.41,-8.03
9298,-2.23,0.46,-8.74
9298,-2.73,0.43,-9.43
9302,-3.05,0.27,-9.95
9306,-3.11,0.16,-10.28
9307,-3.03,0.13,-10.42
9309,-3.01,0.02,-10.50
9313,-3.08,-0.02,-10.43
9313,-3.17,0.06,-10.35
9317,-3.04,0.13,-10.33
9318,-3.01,0.19,-10.38
9324,-3.08,0.40,-10.58
9324,-3.17,0.43,-10.76
9328,-3.35,0.43,-10.90
9330,-3.48,0.45,-10.83
9331,-3.66,0.61,-10.47
9334,-3.90,0.63,-9.97
9339,-4.31,0.32,-9.35
9340,-4.80,-0.10,-8.79
9343,-5.19,-0.41,-8.37
9343,-5.36,-0.39,-8.04
9351,-5.41,-0.14,-7.89
9352,-5.39,0.10,-8.05
9353,-5.44,0.30,-8.62
9354,-5.67,0.45,-9.30
9358,-5.94,0.52,-9.85
9358,-6.11,0.72,-10.12
9362,-6.09,0.93,-10.20
9364,-5.96,1.12,-9.96
9367,-6.00,1.29,-9.58
9370,-6.30,1.25,-9.16
9373,-6.62,1.11,-8.82
9374,-6.81,1.01,-8.57
9377,-7.14,0.93,-8.42
9379,-7.50,0.84,-8.38
9382,-7.82,0.78,-8.30
9384,-8.11,0.65,-8.16
9388,-8.32,0.58,-7.89
9390,-8.55,0.75,-7.70
9392,-8.74,0.94,-7.54
9394,-8.85,1.24,-7.34
9398,-8.93,1.48,-7.15
9400,-9.10,1.49,-6.79
9403,-9.04,1.18,-6.20
9407,-8.90,1.02,-5.57
9408,-9.10,1.04,-5.35
9410,-9.41,1.24,-5.28
9419,-9.50,1.69,-5.44
9419,-9.61,2.19,-5.60
9420,-9.54,2.76,-5.22
9421,-9.38,3.22,-4.59
9422,-9.55,3.31,-3.98
9426,-9.58,3.03,-3.26
9427,-9.56,3.05,-2.70
9430,-9.74,2.91,-2.20
9433,-10.02,2.43,-1.77
9434,-10.05,2.03,-1.45
9439,-10.05,1.69,-1.15
9440,-10.11,1.60,-1.04
9442,-10.13,1.62,-0.99
9446,-10.30,1.64,-1.02
9447,-10.56,1.49,-1.16
9450,-10.62,1.60,-0.82
9453,-11.22,1.36,-0.02
9459,-11.34,1.01,-0.18
9460,-11.09,0.91,0.07
9461,-10.64,1.13,0.21
9463,-10.93,1.55,0.38
9464,-11.40,1.55,0.15
9472,-11.21,2.04,0.24
9472,-10.92,2.22,0.18
9476,-10.72,2.03,0.04
9476,-10.63,1.50,0.03
9477,-10.70,0.87,0.20
9480,-10.67,0.56,0.45
9483,-10.65,0.34,0.61
9485,-10.68,0.10,0.85
9488,-10.73,-0.15,1.15
9490,-10.77,-0.33,1.52
9493,-10.85,-0.40,1.87
9495,-10.84,-0.23,2.22
9498,-10.69,0.01,2.52
9500,-10.66,-0.21,2.74
9502,-10.63,-0.57,2.89
9506,-10.40,-0.67,3.08
9508,-10.24,-0.73,3.27
9510,-10.09,-1.10,3.50
9512,-9.80,-1.31,3.68
9515,-9.66,-1.25,4.01
9518,-9.35,-1.05,4.38
9522,-9.13,-1.03,4.71
9523,-8.88,-1.20,5.01
9524,-8.53,-1.28,5.45
9530,-8.17,-1.42,5.85
9531,-7.93,-1.61,6.27
9532,-7.70,-1.94,6.70
9534,-7.40,-2.02,7.22
9539,-7.23,-2.82,7.62
9539,-6.53,-3.12,8.03
9543,-6.05,-2.35,8.50
9544,-5.96,-1.19,8.95
9548,-6.06,-0.99,9.21
9551,-5.56,-0.87,9.51
9555,-5.06,-0.56,9.74
9557,-4.94,-0.46,9.84
9558,-4.80,-0.19,10.03
9559,-4.53,0.19,10.23
9563,-4.23,0.22,10.33
9567,-4.01,0.06,10.47
9569,-3.87,0.00,10.74
9571,-3.80,-0.15,11.05
9572,-3.73,-0.44,11.35
9577,-3.63,-0.67,11.88
9579,-3.65,-0.93,12.31
9580,-3.67,-1.15,12.74
9586,-3.66,-1.15,13.04
9588,-3.61,-1.10,13.11
9595,-3.46,-1.01,13.02
9597,-3.51,-0.87,12.69
9597,-3.53,-0.73,12.12
9599,-3.52,-0.57,11.50
9600,-3.57,-0.50,11.10
9601,-3.63,-0.51,10.77
9605,-3.63,-0.61,10.70
9606,-3.67,-0.69,10.70
9608,-3.77,-0.98,10.83
9611,-3.79,-1.20,10.94
9613,-3.88,-1.33,11.06
9616,-3.96,-1.32,11.16
9618,-4.05,-1.36,11.08
9622,-4.13,-1.40,10.85
9624,-4.31,-1.50,10.62
9626,-4.35,-1.67,10.39
9629,-4.49,-1.85,10.27
9630,-4.52,-1.98,10.39
9633,-4.51,-2.05,10.62
9635,-4.55,-2.05,10.83
9640,-4.59,-1.87,11.15
9646,-4.56,-1.63,11.44
9647,-4.52,-1.43,11.60
9647,-4.66,-1.35,11.73
9648,-4.37,-1.21,11.70
9650,-4.29,-1.10,11.78
9653,-4.21,-0.98,11.70
9656,-4.12,-1.03,11.55
9658,-4.00,-1.08,11.49
9660,-3.97,-1.14,11.49
9663,-3.86,-1.15,11.36
9665,-3.73,-1.18,11.28
9669,-3.58,-1.17,11.16
9670,-3.46,-1.10,11.04
9673,-3.28,-1.00,10.87
9675,-3.17,-0.89,10.62
9679,-3.18,-0.85,10.41
9680,-3.09,-0.73,10.24
9683,-3.02,-0.64,10.06
9685,-2.96,-0.59,9.98
9698,-2.89,-0.49,9.88
9699,-2.94,-0.44,9.80
9700,-3.06,-0.30,9.66
9701,-2.87,-0.14,9.49
9702,-2.71,-0.03,9.36
9703,-2.72,0.14,9.30
9704,-2.77,0.34,9.25
9708,-2.78,0.49,9.17
9709,-2.83,0.56,9.04
9711,-2.93,0.54,8.88
9714,-2.91,0.50,8.80
9716,-2.95,0.39,8.66
9719,-3.14,0.25,8.63
9722,-3.18,0.17,8.58
9723,-3.24,0.23,8.54
9726,-3.30,0.24,8.57
9729,-3.32,0.32,8.71
9731,-3.28,0.43,8.71
9733,-3.31,0.47,8.79
9735,-3.31,0.53,8.76
9740,-3.31,0.55,8.82
9740,-3.24,0.64,8.80
9743,-3.24,0.67,8.77
9746,-3.21,0.64,8.69
9753,-3.17,0.66,8.73
9754,-3.13,0.71,8.75
9755,-3.05,0.76,8.73
9756,-3.02,0.76,8.77
9760,-3.12,0.73,8.78
9761,-3.09,0.64,8.70
9764,-2.84,0.59,8.80
9767,-2.74,0.61,8.97
9769,-2.73,0.71,9.16
9773,-2.79,0.76,9.27
9774,-2.79,0.73,9.36
9776,-2.71,0.69,9.40
9779,-2.66,0.69,9.36
9780,-2.64,0.72,9.34
9784,-2.66,0.66,9.34
9785,-2.69,0.61,9.36
9790,-2.76,0.53,9.33
9791,-2.84,0.60,9.32
9793,-2.83,0.72,9.33
9795,-2.88,0.80,9.33
9798,-2.97,0.86,9.26
9800,-2.99,0.84,9.24
9806,-3.06,0.70,9.13
9807,-3.10,0.48,9.26
9809,-3.11,0.41,9.52
9812,-3.09,0.32,9.65
9813,-3.20,0.18,9.87
9816,-3.24,0.12,9.99
9818,-3.20,-0.03,10.00
9821,-3.23,-0.16,9.98
9823,-3.17,-0.24,9.96
9825,-3.15,-0.26,9.90
9828,-3.11,-0.29,9.89
9831,-3.06,-0.20,9.91
9833,-2.97,-0.08,10.10
9835,-2.84,-0.00,10.20
9841,-2.79,-0.01,10.27
9841,-2.71,-0.00,10.39
9844,-2.57,-0.03,10.37
9846,-2.54,-0.17,10.46
9849,-2.54,-0.50,10.42
9852,-2.47,-0.65,10.29
9854,-2.32,-0.64,10.22
9855,-2.19,-0.49,10.11
9860,-2.11,-0.31,10.02
9860,-1.98,-0.12,10.06
9864,-1.89,-0.01,10.14
9866,-1.78,0.18,10.16
9869,-1.73,0.22,10.15
9873,-1.63,0.17,10.10
9874,-1.53,0.14,10.13
9876,-1.57,0.12,10.06
9886,-1.50,0.22,9.98
9887,-1.38,0.28,9.91
9887,-1.32,0.32,9.72
9888,-1.33,0.36,9.58
9889,-1.19,0.35,9.48
9892,-1.18,0.38,9.62
9894,-1.18,0.50,9.68
9896,-1.13,0.42,9.72
9899,-1.10,0.36,9.78
9901,-1.14,0.41,9.91
9903,-1.24,0.36,9.89
9907,-1.23,0.32,9.99
9910,-1.25,0.44,10.06
9912,-1.18,0.42,10.10
9915,-1.19,0.39,10.08
9916,-1.14,0.43,10.07
9921,-1.17,0.43,10.02
9922,-1.07,0.46,10.09
9923,-0.94,0.51,10.20
9928,-0.84,0.39,10.07
9929,-0.69,0.37,10.12
9931,-0.57,0.41,10.14
9936,-0.49,0.40,10.04
9937,-0.37,0.37,9.99
9940,-0.34,0.45,9.90
9941,-0.33,0.45,9.75
9944,-0.26,0.40,9.71
9946,-0.16,0.52,9.78
9950,-0.08,0.72,9.69
9952,-0.10,0.68,9.39
9956,-0.16,0.77,9.36
9957,-0.25,0.85,9.37
9960,-0.19,0.99,9.27
9961,-0.12,1.09,9.14
9965,0.03,1.27,9.09
9966,0.15,1.34,9.05
9970,0.32,1.34,8.99
9973,0.36,1.41,8.93
9975,0.46,1.50,8.98
9976,0.55,1.56,9.06
9979,0.52,1.66,9.04
9981,0.46,1.79,9.02
9984,0.49,1.74,8.95
9988,0.55,1.70,8.85
9990,0.57,1.74,8.87
9992,0.56,1.74,8.91
