2,3.12,2.24,9.03
5,3.16,2.25,9.00
13,3.20,2.24,8.86
13,3.20,2.30,8.74
14,3.19,2.35,8.71
14,3.18,2.38,8.61
15,3.12,2.37,8.59
16,3.06,2.37,8.52
19,3.04,2.33,8.45
24,3.05,2.30,8.44
24,2.98,2.24,8.47
26,2.90,2.19,8.52
30,2.88,2.20,8.52
32,2.87,2.19,8.47
36,2.91,2.21,8.47
37,2.84,2.24,8.48
40,2.81,2.25,8.45
42,2.83,2.28,8.48
46,2.82,2.25,8.53
47,2.83,2.21,8.52
50,2.84,2.26,8.49
52,2.85,2.18,8.53
58,2.88,2.16,8.55
58,2.88,2.17,8.55
60,2.92,2.13,8.57
62,2.93,2.14,8.59
65,2.92,2.16,8.64
67,2.97,2.14,8.66
70,2.99,2.14,8.63
73,3.03,2.18,8.68
74,3.04,2.18,8.70
77,3.12,2.20,8.72
80,3.14,2.17,8.78
82,3.21,2.14,8.73
85,3.24,2.16,8.67
87,3.18,2.13,8.79
91,3.21,2.11,8.82
92,3.18,2.14,8.73
95,3.12,2.18,8.80
97,3.15,2.17,8.84
100,3.13,2.14,8.91
103,3.10,2.11,8.88
107,3.09,2.09,8.94
107,3.03,2.07,8.99
110,3.06,2.09,9.02
112,3.01,2.13,9.02
115,3.00,2.12,9.02
117,2.96,2.08,9.03
121,2.89,2.04,9.12
129,2.92,2.01,9.18
129,2.95,1.95,9.22
129,2.89,1.97,9.20
130,2.88,1.91,9.26
133,2.92,1.95,9.29
136,2.90,1.98,9.33
137,2.91,1.99,9.36
145,2.90,1.96,9.40
146,2.94,1.97,9.41
146,2.94,1.94,9.44
148,2.92,1.97,9.45
151,2.96,1.97,9.45
153,2.94,1.96,9.45
155,2.95,1.94,9.42
158,2.98,1.94,9.41
160,2.98,1.97,9.47
162,3.00,2.00,9.45
166,3.02,2.02,9.38
168,2.99,2.00,9.39
170,2.94,2.05,9.46
173,2.94,2.04,9.43
176,2.95,2.04,9.33
177,2.94,2.08,9.35
180,2.92,2.07,9.34
182,2.89,2.07,9.40
185,2.92,2.04,9.36
187,2.90,2.08,9.34
191,2.90,2.12,9.26
192,2.90,2.09,9.28
195,2.85,2.16,9.37
198,2.84,2.17,9.33
200,2.83,2.17,9.30
203,2.81,2.19,9.31
207,2.74,2.18,9.31
207,2.77,2.14,9.38
211,2.78,2.19,9.35
213,2.71,2.19,9.31
215,2.73,2.14,9.32
217,2.72,2.14,9.31
221,2.67,2.18,9.34
224,2.73,2.19,9.38
226,2.77,2.16,9.32
228,2.73,2.20,9.34
231,2.75,2.18,9.43
233,2.75,2.15,9.37
236,2.75,2.17,9.31
238,2.75,2.15,9.32
242,2.80,2.22,9.35
242,2.77,2.23,9.27
246,2.82,2.19,9.26
248,2.81,2.18,9.30
251,2.84,2.19,9.20
253,2.88,2.20,9.18
257,2.86,2.20,9.20
258,2.92,2.22,9.18
261,2.95,2.23,9.16
263,2.94,2.21,9.10
266,2.98,2.22,9.02
268,2.94,2.23,8.95
271,2.94,2.20,8.95
275,2.93,2.19,8.93
275,2.95,2.21,8.87
279,2.93,2.17,8.82
281,2.96,2.18,8.83
283,2.95,2.19,8.83
286,2.95,2.24,8.81
288,2.93,2.22,8.82
292,2.95,2.25,8.81
293,2.93,2.24,8.78
297,2.98,2.25,8.79
297,2.98,2.25,8.81
300,2.95,2.24,8.73
303,2.98,2.25,8.82
308,3.02,2.21,8.85
308,3.04,2.25,8.89
312,3.08,2.20,8.97
312,3.07,2.19,8.93
315,3.12,2.16,8.98
318,3.11,2.18,8.95
321,3.14,2.18,8.99
324,3.17,2.20,9.03
327,3.22,2.20,9.07
329,3.26,2.14,8.99
331,3.29,2.16,9.01
333,3.38,2.19,9.00
336,3.46,2.22,9.06
338,3.54,2.23,9.09
341,3.53,2.25,9.09
343,3.61,2.27,8.98
346,3.76,2.23,9.01
348,3.82,2.32,9.00
351,3.94,2.34,8.92
353,4.04,2.37,8.92
358,4.13,2.42,8.92
358,4.19,2.43,8.94
361,4.28,2.43,8.97
363,4.43,2.45,9.07
367,4.53,2.45,9.06
369,4.58,2.43,9.08
372,4.70,2.48,9.08
379,4.87,2.43,9.00
379,4.95,2.43,8.95
379,4.98,2.43,8.99
380,4.99,2.41,8.97
382,5.08,2.44,8.93
385,5.05,2.46,8.99
392,5.01,2.47,8.89
393,4.98,2.53,8.79
393,4.89,2.46,8.79
396,4.83,2.40,8.79
398,4.73,2.42,8.75
401,4.61,2.43,8.73
403,4.53,2.33,8.66
409,4.39,2.33,8.59
409,4.29,2.33,8.56
410,4.08,2.24,8.55
414,3.97,2.28,8.51
416,3.84,2.25,8.45
418,3.67,2.19,8.28
421,3.48,2.05,8.16
426,3.25,2.06,8.12
426,3.13,2.17,8.05
432,2.96,2.20,8.11
434,2.78,2.15,7.98
434,2.65,2.14,7.77
436,2.58,2.38,7.71
441,2.49,2.94,7.68
442,2.50,3.48,7.59
443,2.38,3.41,7.35
447,2.25,3.21,7.23
449,2.08,2.90,7.53
451,1.84,2.60,7.71
454,1.67,2.40,7.72
457,1.45,2.28,7.85
459,1.16,2.02,8.01
461,0.91,1.77,8.01
464,0.57,1.65,8.07
468,0.25,1.41,8.19
469,0.07,1.19,8.32
472,-0.17,1.18,8.40
477,-0.43,1.16,8.39
477,-0.61,1.12,8.48
479,-0.82,0.89,8.47
482,-1.09,0.53,8.46
484,-1.36,1.10,8.31
488,-1.52,1.66,8.22
492,-1.71,1.77,8.38
493,-1.89,1.79,8.24
493,-2.02,1.94,7.93
497,-2.23,2.01,7.99
500,-2.41,2.10,8.19
502,-2.64,2.17,8.14
504,-2.82,2.08,8.15
509,-3.04,1.95,8.24
509,-3.27,1.73,8.18
512,-3.46,1.42,8.16
514,-3.70,1.28,8.17
517,-4.00,1.27,8.15
520,-4.24,1.23,8.22
522,-4.54,1.20,8.19
527,-4.80,1.28,8.11
528,-5.08,1.37,8.00
529,-5.40,1.59,7.82
532,-5.67,2.03,7.65
534,-5.93,1.94,7.43
537,-6.40,1.75,7.26
542,-6.87,1.65,7.33
543,-7.13,1.56,7.19
543,-7.27,1.27,6.92
547,-7.51,1.09,6.52
548,-7.78,0.76,6.49
551,-7.99,0.48,6.50
553,-8.31,0.37,6.50
559,-8.42,0.22,6.35
559,-8.66,0.14,6.00
561,-8.84,0.13,5.72
563,-9.03,0.03,5.59
566,-9.17,-0.01,5.53
568,-9.27,-0.02,5.29
573,-9.36,0.06,5.06
577,-9.42,0.16,4.82
578,-9.49,0.21,4.53
579,-9.50,0.18,4.44
581,-9.53,0.19,4.32
583,-9.53,0.26,4.00
586,-9.48,0.24,3.85
591,-9.48,0.21,3.73
592,-9.47,0.16,3.62
593,-9.43,0.08,3.50
597,-9.37,0.10,3.42
598,-9.31,0.21,3.14
602,-9.18,0.40,3.03
604,-9.03,0.50,2.90
610,-8.82,0.65,2.63
610,-8.64,0.75,2.38
612,-8.46,0.63,2.28
613,-8.15,0.71,2.23
617,-7.88,0.75,1.95
619,-7.63,0.82,1.67
627,-7.36,1.04,1.51
628,-7.14,1.05,1.29
629,-6.83,0.99,1.28
630,-6.50,1.17,1.12
632,-6.40,1.42,0.67
634,-6.16,1.42,0.62
637,-5.91,1.33,0.62
644,-5.55,1.13,0.54
644,-5.12,0.75,0.62
645,-4.47,1.05,0.40
647,-3.76,1.10,-0.28
649,-3.27,1.39,-0.56
652,-2.93,2.01,-0.65
654,-2.78,2.51,-0.63
659,-2.73,2.38,-0.43
660,-2.57,2.04,-0.22
663,-2.26,2.02,-0.42
664,-2.01,1.91,-0.69
666,-1.82,1.54,-0.62
669,-1.69,1.39,-0.72
674,-1.52,1.35,-0.96
674,-1.45,1.03,-0.91
676,-1.28,0.82,-0.89
679,-1.04,0.62,-1.30
682,-0.99,0.24,-1.81
684,-1.08,-0.55,-2.26
687,-1.40,-0.98,-3.43
691,-1.45,-1.14,-4.95
692,-1.42,-0.81,-5.85
693,-1.65,0.08,-6.31
697,-2.02,0.79,-6.69
699,-2.39,0.75,-6.86
702,-2.70,0.57,-6.97
704,-2.99,0.69,-7.25
709,-3.31,0.23,-7.67
709,-3.31,-0.80,-7.82
712,-3.74,-0.51,-8.31
714,-3.87,-1.13,-8.57
717,-3.57,-1.97,-8.49
719,-3.37,-1.96,-8.58
722,-3.23,-1.58,-8.58
728,-3.02,-1.30,-8.29
728,-2.78,-0.88,-8.09
729,-2.66,-0.48,-8.19
732,-2.58,-0.33,-7.97
734,-2.49,-0.27,-7.78
738,-2.43,-0.31,-7.92
744,-2.40,-0.45,-8.03
745,-2.29,-0.75,-7.85
745,-2.07,-0.96,-7.81
749,-1.88,-1.11,-8.11
750,-1.67,-1.50,-8.12
752,-1.37,-1.64,-7.84
754,-1.01,-1.64,-7.98
758,-0.71,-1.96,-8.08
759,-0.34,-2.27,-7.82
762,0.01,-2.11,-7.67
764,0.30,-2.03,-7.69
767,0.46,-2.47,-7.55
769,0.69,-3.13,-7.14
776,0.91,-3.54,-7.02
776,1.04,-3.78,-6.90
777,1.24,-4.03,-6.55
779,1.41,-4.16,-6.28
782,1.60,-4.25,-6.26
784,1.73,-4.24,-5.83
788,1.84,-3.76,-5.50
792,2.03,-3.16,-5.43
793,2.13,-2.50,-5.13
794,2.25,-1.79,-4.67
798,2.41,-1.12,-4.54
799,2.49,-0.63,-4.33
802,2.53,-0.29,-4.13
804,2.54,-0.24,-4.13
811,2.44,-0.45,-4.06
811,2.29,-0.80,-3.85
812,2.13,-1.23,-3.82
814,1.92,-1.69,-3.97
818,1.60,-2.27,-3.94
819,1.29,-2.62,-3.88
825,0.85,-2.92,-4.20
826,0.33,-3.43,-4.54
827,-0.31,-2.89,-4.69
829,-0.80,-3.31,-4.64
832,-1.58,-5.15,-4.68
834,-2.30,-6.41,-5.02
837,-2.93,-6.98,-4.96
842,-3.66,-7.36,-5.08
843,-4.67,-7.78,-5.50
844,-5.67,-8.18,-5.90
848,-6.59,-8.32,-6.36
849,-7.51,-8.42,-6.92
852,-8.36,-8.44,-7.43
859,-9.21,-8.48,-7.96
860,-10.12,-8.50,-8.60
860,-10.96,-8.41,-9.17
863,-11.73,-8.25,-9.81
864,-12.40,-8.08,-10.50
868,-12.89,-7.96,-11.30
869,-13.27,-7.71,-12.21
878,-13.43,-7.36,-13.11
879,-13.47,-7.12,-14.01
879,-13.49,-6.72,-14.92
880,-13.52,-6.10,-15.97
883,-13.37,-5.80,-16.82
884,-13.22,-5.64,-17.75
887,-13.03,-5.16,-18.52
894,-12.70,-4.82,-19.14
894,-12.43,-4.87,-19.84
895,-12.25,-4.74,-20.36
898,-12.03,-4.68,-20.89
899,-11.79,-4.50,-21.39
902,-11.33,-4.53,-21.73
905,-10.97,-4.40,-22.07
911,-10.63,-4.07,-22.32
911,-10.27,-3.62,-22.47
913,-9.77,-3.42,-22.44
915,-9.37,-2.96,-22.47
918,-8.88,-2.73,-22.31
919,-8.42,-2.77,-22.31
924,-7.94,-3.12,-22.10
925,-7.65,-3.21,-21.85
928,-7.22,-3.45,-21.50
929,-6.84,-3.62,-21.28
932,-6.45,-3.46,-20.88
934,-6.03,-3.04,-20.48
937,-5.58,-3.22,-19.98
943,-5.20,-3.17,-19.44
944,-4.87,-3.08,-18.93
945,-4.72,-2.52,-18.41
949,-4.54,-2.29,-17.85
950,-4.34,-2.14,-17.39
954,-4.22,-2.48,-16.89
960,-4.26,-2.47,-16.37
961,-4.38,-2.75,-15.90
961,-4.61,-2.63,-15.46
965,-4.80,-2.82,-15.04
965,-4.93,-3.19,-14.69
968,-5.15,-3.60,-14.39
969,-5.36,-3.57,-14.04
975,-5.48,-3.23,-13.68
976,-5.60,-2.87,-13.26
979,-5.63,-2.83,-12.80
980,-5.60,-2.72,-12.58
983,-5.67,-2.72,-12.29
986,-5.80,-1.90,-11.81
993,-6.04,-0.27,-10.64
993,-5.66,-0.47,-9.98
994,-5.24,-1.53,-10.91
999,-5.34,-2.79,-11.67
999,-5.75,-4.01,-11.15
1000,-6.16,-4.52,-10.76
1003,-6.38,-4.46,-10.47
1008,-6.17,-3.35,-9.89
1009,-5.53,-2.05,-9.36
1010,-4.94,-1.44,-9.33
1014,-5.10,0.66,-8.37
1016,-4.25,0.07,-7.35
1018,-3.78,-1.18,-8.68
1021,-3.81,-2.20,-9.90
1028,-3.92,-3.70,-9.60
1028,-4.01,-4.72,-9.38
1030,-4.01,-4.62,-9.22
1031,-3.71,-3.87,-8.87
1034,-3.21,-2.01,-8.45
1036,-2.55,0.20,-8.13
1045,-2.57,1.37,-7.46
1045,-1.66,0.13,-7.40
1046,-1.33,-1.77,-8.51
1046,-1.34,-3.22,-9.46
1050,-1.41,-4.05,-9.70
1050,-1.61,-3.80,-9.62
1054,-1.59,-3.49,-9.46
1059,-1.26,-2.84,-9.52
1060,-0.72,-1.80,-9.46
1061,-0.23,-1.06,-9.13
1064,0.08,-0.82,-9.14
1066,0.04,-0.59,-9.40
1070,-0.18,-0.42,-9.12
1072,0.23,-0.83,-9.30
1076,-0.00,-0.01,-10.31
1077,-0.03,-1.87,-10.60
1079,0.25,-3.27,-10.96
1081,0.09,-3.63,-10.93
1085,-0.26,-2.95,-10.75
1089,-0.30,-2.37,-10.86
1089,-0.15,-2.12,-10.83
1093,0.02,-1.87,-10.55
1094,0.11,-1.72,-10.17
1096,0.09,-1.78,-10.10
1100,0.04,-1.98,-10.26
1101,-0.08,-2.22,-10.40
1104,-0.17,-2.50,-10.47
1109,-0.16,-2.64,-10.44
1109,-0.17,-2.63,-10.50
1111,-0.17,-2.58,-10.53
1114,-0.17,-2.50,-10.59
1119,-0.21,-2.42,-10.55
1120,-0.24,-2.52,-10.62
1121,-0.36,-2.64,-10.68
1126,-0.55,-2.78,-10.68
1126,-0.68,-2.80,-10.80
1129,-0.86,-2.73,-10.87
1130,-1.23,-2.10,-10.96
1133,-1.13,-3.28,-11.25
1135,-1.25,-3.81,-11.61
1138,-1.48,-3.00,-11.64
1143,-1.61,-2.96,-11.77
1144,-1.73,-3.35,-11.94
1145,-1.78,-3.35,-11.94
1148,-1.79,-3.26,-11.92
1150,-1.78,-3.19,-11.99
1153,-1.77,-3.19,-11.99
1159,-1.77,-3.24,-11.98
1159,-1.86,-3.32,-11.99
1160,-1.92,-3.37,-11.97
1163,-1.96,-3.38,-12.05
1166,-2.01,-3.41,-12.09
1168,-2.07,-3.40,-12.11
1171,-2.06,-3.36,-12.20
1175,-2.08,-3.33,-12.32
1176,-2.11,-3.28,-12.47
1179,-2.17,-3.23,-12.60
1181,-2.20,-3.13,-12.63
1184,-2.29,-3.15,-12.68
1185,-2.32,-3.04,-12.72
1190,-2.39,-2.97,-12.75
1196,-2.47,-2.88,-12.78
1197,-2.62,-2.88,-12.84
1198,-2.70,-2.86,-12.92
1202,-2.74,-2.88,-12.94
1202,-2.83,-2.89,-12.99
1205,-2.89,-2.86,-13.02
1210,-2.89,-2.85,-13.07
1211,-2.80,-2.83,-13.15
1212,-2.83,-2.82,-13.11
1214,-2.76,-2.82,-13.09
1216,-2.69,-2.80,-13.07
1219,-2.58,-2.77,-13.03
1221,-2.49,-2.76,-13.11
1226,-2.34,-2.66,-13.06
1226,-2.32,-2.69,-13.03
1228,-2.19,-2.71,-13.02
1231,-2.11,-2.68,-13.01
1233,-2.02,-2.66,-13.05
1235,-1.98,-2.62,-13.12
1240,-2.00,-2.47,-13.20
1245,-1.97,-2.37,-13.21
1246,-1.98,-2.37,-13.29
1246,-2.03,-2.36,-13.37
1249,-2.13,-2.38,-13.37
1251,-2.21,-2.43,-13.52
1254,-2.35,-2.47,-13.62
1260,-2.51,-2.61,-13.79
1261,-2.71,-2.71,-14.09
1261,-2.88,-2.86,-14.44
1264,-3.06,-3.05,-14.94
1266,-3.17,-3.27,-15.43
1269,-3.29,-3.54,-15.99
1271,-3.39,-3.75,-16.68
1277,-3.41,-3.88,-17.46
1278,-3.34,-4.07,-18.32
1279,-3.20,-4.19,-19.24
1281,-3.05,-4.35,-20.12
1283,-2.85,-4.56,-21.11
1286,-2.63,-4.73,-22.22
1295,-2.46,-4.96,-23.28
1296,-2.17,-5.12,-24.50
1296,-1.90,-5.18,-25.74
1297,-1.76,-5.36,-26.95
1299,-1.62,-5.53,-28.11
1301,-1.58,-5.78,-29.14
1304,-1.63,-5.99,-30.24
1309,-1.75,-6.18,-31.24
1310,-1.88,-6.31,-32.35
1311,-2.15,-6.39,-33.47
1314,-2.47,-6.62,-34.43
1316,-2.84,-6.89,-35.33
1319,-3.18,-7.15,-36.19
1321,-3.49,-7.22,-36.95
1326,-3.79,-7.15,-37.65
1327,-4.02,-6.97,-38.46
1337,-4.16,-6.77,-39.08
1338,-4.29,-6.60,-39.62
1340,-4.35,-6.42,-40.10
1340,-4.21,-6.30,-40.57
1341,-4.00,-6.04,-40.90
1341,-3.68,-5.80,-41.05
1347,-3.24,-5.55,-40.98
1347,-2.81,-5.31,-40.73
1349,-2.31,-5.05,-40.22
1352,-1.79,-4.88,-39.52
1355,-1.30,-4.76,-38.59
1360,-0.76,-4.71,-37.38
1361,-0.26,-4.65,-36.03
1361,0.16,-4.64,-34.42
1365,0.47,-4.67,-32.58
1367,0.65,-4.69,-30.38
1369,0.74,-4.75,-28.07
1372,0.70,-4.81,-25.53
1375,0.57,-4.82,-22.86
1377,-10.05,-18.03,8.01
1380,-2.28,-63.30,78.03
1383,-11.91,-8.38,-44.29
1385,-12.88,-5.17,-64.77
1387,-6.20,-19.45,-32.88
1396,-5.60,-10.29,-34.14
1396,-7.93,17.12,-44.53
1397,-6.78,25.73,-54.21
1397,-7.67,10.05,-60.65
1401,-8.97,-3.46,-55.53
1401,-7.47,-7.85,-47.99
1405,-4.00,-0.01,-43.09
1409,-0.56,8.10,-41.82
1410,2.24,10.89,-39.26
1412,2.45,6.33,-34.59
1416,1.88,0.30,-29.79
1418,2.60,-2.45,-24.34
1426,3.41,-2.57,-18.99
1426,4.11,-2.19,-12.52
1427,5.10,-2.42,-5.83
1427,5.37,-2.95,0.07
1432,5.62,-2.81,4.60
1432,5.95,-2.48,7.81
1436,6.40,-2.33,11.39
1437,6.57,-1.99,14.76
1443,6.67,-1.70,18.20
1444,6.67,-1.22,21.34
1445,6.61,-0.93,23.65
1448,6.57,-0.95,25.64
1451,6.24,-1.02,26.75
1452,5.94,-1.08,27.43
1455,5.59,-0.85,27.62
1459,5.16,-0.71,27.25
1460,4.65,-0.61,26.73
1462,4.00,-0.67,25.55
1465,3.45,-0.90,24.19
1466,2.84,-1.18,22.39
1470,2.26,-1.59,20.58
1472,1.85,-1.73,18.67
1476,1.49,-1.71,16.58
1477,1.21,-1.75,14.45
1479,0.90,-1.80,12.15
1482,0.70,-1.98,9.90
1485,0.53,-2.19,7.77
1487,0.43,-2.38,5.95
1494,0.40,-2.46,4.41
1495,0.38,-2.61,2.86
1496,0.44,-2.79,1.76
1497,0.46,-2.92,0.54
1500,0.43,-3.21,-0.42
1502,0.40,-3.53,-1.32
1505,0.30,-3.92,-2.13
1511,0.15,-4.35,-2.72
1511,-0.00,-4.71,-3.41
1512,-0.17,-5.07,-3.90
1515,-0.38,-5.36,-4.49
1517,-0.51,-5.76,-5.03
1520,-0.68,-6.08,-5.59
1522,-0.86,-6.49,-6.16
1527,-0.91,-6.86,-6.50
1528,-0.94,-7.07,-6.84
1530,-0.91,-7.24,-7.03
1532,-0.86,-7.28,-7.16
1535,-0.75,-7.37,-7.43
1537,-0.72,-7.47,-7.57
1542,-0.70,-7.50,-7.84
1543,-0.67,-7.56,-8.10
1545,-0.67,-7.54,-8.25
1547,-0.66,-7.43,-8.43
1551,-0.58,-7.20,-8.60
1552,-0.53,-6.94,-8.84
1555,-0.48,-6.68,-9.01
1561,-0.34,-6.36,-9.26
1562,-0.21,-6.00,-9.36
1562,-0.01,-5.49,-9.46
1565,0.20,-4.89,-9.50
1567,0.49,-4.14,-9.52
1570,0.74,-3.44,-9.46
1572,1.04,-2.76,-9.36
1578,1.18,-2.11,-9.25
1578,1.21,-1.61,-9.14
1580,1.28,-1.06,-9.01
1582,1.19,-0.64,-8.91
1585,1.14,-0.24,-8.72
1587,1.00,0.08,-8.61
1594,0.91,0.29,-8.49
1595,0.77,0.53,-8.40
1596,0.58,0.63,-8.33
1597,0.22,0.65,-8.22
1600,-0.18,0.74,-8.14
1602,-0.62,0.76,-8.01
1607,-1.07,0.71,-8.03
1608,-1.54,0.65,-8.10
1616,-1.94,0.51,-8.25
1617,-2.36,0.36,-8.48
1618,-2.70,0.31,-8.83
1618,-2.99,0.25,-9.30
1620,-3.22,0.18,-9.73
1627,-3.40,0.19,-10.37
1628,-3.36,0.18,-11.04
1630,-3.36,0.14,-11.69
1631,-3.29,0.18,-12.37
1632,-3.09,0.21,-13.13
1636,-2.83,0.28,-13.82
1637,-2.59,0.37,-14.52
1643,-2.28,0.43,-15.27
1644,-1.92,0.38,-15.99
1645,-1.58,0.36,-16.71
1647,-1.18,0.35,-17.30
1650,-0.72,0.32,-17.89
1652,-0.26,0.36,-18.35
1655,0.24,0.32,-18.77
1659,0.68,0.23,-19.08
1661,1.09,0.20,-19.41
1663,1.52,0.11,-19.62
1668,1.78,-0.14,-19.86
1670,2.05,-0.38,-19.99
1671,2.28,-0.50,-20.10
1675,2.51,-0.63,-20.09
1676,2.61,-0.68,-20.04
1680,2.60,-0.80,-20.04
1681,2.54,-1.04,-19.91
1682,2.32,-1.23,-19.86
1686,2.01,-1.46,-19.76
1688,1.75,-1.79,-19.65
1693,1.36,-2.16,-19.57
1693,0.96,-2.45,-19.53
1696,0.70,-2.70,-19.33
1699,0.40,-2.87,-19.13
1701,0.25,-3.02,-18.84
1704,0.08,-3.19,-18.39
1706,-0.17,-3.36,-17.91
1712,-0.32,-3.50,-17.44
1713,-0.41,-3.73,-16.88
1713,-0.46,-3.96,-16.25
1717,-0.42,-4.12,-15.64
1719,-0.29,-4.25,-15.00
1722,-0.17,-4.32,-14.35
1724,0.02,-4.27,-13.75
1728,0.28,-4.32,-13.16
1729,0.53,-4.34,-12.64
1732,0.76,-4.36,-12.14
1733,0.99,-4.32,-11.63
1737,1.24,-4.22,-11.15
1739,1.37,-4.18,-10.67
1744,1.53,-4.13,-10.26
1745,1.62,-4.14,-9.83
1746,1.63,-4.07,-9.50
1748,1.75,-4.05,-9.26
1750,1.77,-3.96,-9.10
1753,1.71,-3.82,-8.99
1756,1.76,-3.66,-8.92
1762,1.73,-3.52,-9.01
1762,1.69,-3.27,-9.11
1763,1.64,-3.08,-9.27
1766,1.55,-2.87,-9.56
1768,1.49,-2.76,-9.74
1770,1.39,-2.68,-10.06
1779,1.36,-2.59,-10.44
1780,1.26,-2.45,-10.80
1780,1.30,-2.29,-11.22
1781,1.33,-2.15,-11.60
1785,1.30,-1.97,-11.94
1786,1.32,-1.81,-12.26
1788,1.39,-1.60,-12.59
1795,1.31,-1.46,-12.87
1795,1.25,-1.39,-13.21
1796,1.26,-1.26,-13.58
1798,1.22,-1.15,-13.82
1800,1.15,-1.10,-14.07
1803,1.04,-1.07,-14.37
1805,0.99,-1.07,-14.54
1809,0.99,-1.01,-14.70
1811,0.92,-0.92,-14.88
1813,0.85,-0.92,-14.88
1815,0.80,-0.90,-14.92
1818,0.72,-0.84,-14.90
1821,0.62,-0.81,-14.75
1827,0.48,-0.87,-14.61
1828,0.34,-0.88,-14.54
1828,0.21,-0.97,-14.29
1832,0.06,-1.13,-14.05
1833,-0.08,-1.26,-13.83
1838,-0.14,-1.30,-13.57
1839,-0.20,-1.34,-13.33
1846,-0.17,-1.36,-13.16
1847,-0.21,-1.41,-12.90
1848,-0.21,-1.39,-12.78
1848,-0.15,-1.45,-12.51
1852,-0.07,-1.47,-12.40
1853,0.02,-1.50,-12.29
1857,0.11,-1.52,-12.22
1863,0.16,-1.51,-12.12
1864,0.18,-1.51,-12.09
1865,0.21,-1.51,-12.06
1867,0.27,-1.54,-12.14
1869,0.26,-1.54,-12.34
1872,0.23,-1.64,-12.53
1877,0.20,-1.64,-12.81
1878,0.18,-1.64,-13.07
1880,0.17,-1.62,-13.41
1885,0.11,-1.61,-13.73
1885,0.11,-1.58,-14.03
1886,0.00,-1.51,-14.35
1888,-0.07,-1.50,-14.84
1893,-0.17,-1.46,-15.25
1893,-0.26,-1.53,-15.66
1897,-0.37,-1.62,-16.08
1899,-0.42,-1.69,-16.48
1901,-0.55,-1.72,-16.95
1904,-0.68,-1.77,-17.49
1907,-0.83,-1.82,-18.04
1910,-0.92,-1.93,-18.63
1912,-1.08,-2.09,-19.30
1914,-1.23,-2.18,-19.99
1917,-1.42,-2.20,-20.75
1919,-1.61,-2.31,-21.45
1922,-1.90,-2.39,-22.29
1926,-2.17,-2.45,-23.40
1927,-2.41,-2.58,-24.62
1929,-2.68,-2.70,-25.86
1933,-2.79,-2.63,-27.25
1933,-2.87,-2.53,-28.73
1937,-2.95,-2.34,-30.14
1940,-2.88,-2.20,-31.50
1946,-2.84,-2.04,-32.78
1946,-2.85,-1.89,-33.95
1947,-2.89,-1.73,-35.17
1949,-2.99,-1.60,-36.42
1953,-3.03,-1.48,-37.82
1955,-3.17,-1.32,-39.18
1957,-3.27,-0.99,-40.58
1963,-3.29,-0.69,-41.89
1963,-3.27,-0.39,-43.13
1964,-3.11,-0.13,-44.08
1968,-2.98,0.06,-44.86
1969,-2.78,0.26,-45.55
1973,-2.68,0.38,-45.95
1977,-2.75,0.29,-46.13
1978,-2.87,0.08,-46.22
1979,-2.97,-0.25,-46.25
1982,-3.06,-0.72,-46.03
1983,-3.11,-1.11,-45.63
1988,-3.01,-1.41,-45.04
1988,-2.88,-1.69,-44.31
1994,-2.70,-2.04,-43.43
1995,-2.50,-2.41,-42.40
2001,-2.43,-2.84,-41.25
2001,-2.36,-3.36,-39.84
2002,-2.36,-3.93,-38.28
2003,-2.42,-4.56,-36.59
2010,-2.61,-5.31,-34.85
2010,-7.91,-7.66,-22.04
2013,-52.22,-58.85,72.65
2014,-38.16,-1.08,-22.88
2017,2.32,26.21,-78.95
2018,-4.70,-9.57,-9.67
2021,-11.88,-49.82,-28.54
2026,-13.98,-11.53,-53.95
2027,-17.17,49.09,-60.82
2028,-31.38,41.78,-66.97
2031,-22.11,4.45,-77.81
2033,-14.08,-8.08,-64.98
2036,-7.81,-4.60,-60.66
2038,-3.00,5.24,-65.88
2043,1.96,13.87,-66.62
2044,6.37,15.09,-64.31
2047,3.95,5.59,-61.15
2049,0.44,-3.48,-54.81
2051,-0.70,-12.21,-45.42
2054,-0.09,-18.37,-36.67
2057,-1.25,-21.78,-28.80
2062,-3.54,-19.16,-20.96
2063,-3.72,-17.30,-15.27
2064,-3.78,-16.23,-9.82
2068,-3.43,-15.53,-2.67
2069,-2.76,-15.22,4.95
2077,-2.11,-14.16,12.00
2078,-1.62,-12.27,17.44
2079,-0.87,-10.87,21.50
2079,0.05,-9.66,24.60
2082,1.10,-7.99,26.58
2084,2.60,-5.71,28.56
2089,3.92,-3.50,29.29
2093,5.30,-2.11,29.94
2094,6.25,-1.31,30.08
2094,7.20,-0.72,29.37
2100,7.92,-0.10,28.27
2101,8.21,0.12,26.62
2102,8.62,-0.09,25.02
2105,8.74,-0.44,23.01
2110,8.94,-0.67,21.09
2110,9.27,-0.43,19.05
2112,9.36,-0.17,16.92
2115,9.10,-0.23,15.00
2118,8.82,-0.54,12.98
2120,8.52,-1.04,11.36
2123,8.21,-1.33,9.86
2126,8.07,-1.40,8.68
2128,8.16,-1.25,7.73
2130,8.14,-1.19,7.13
2134,8.20,-1.26,6.93
2134,8.31,-1.34,7.03
2137,8.10,-1.61,7.44
2140,7.76,-1.95,7.99
2144,7.45,-2.45,8.54
2145,6.90,-3.05,9.06
2148,6.24,-3.59,9.40
2150,5.68,-4.00,9.71
2154,5.04,-4.36,9.91
2154,4.28,-4.70,10.19
2163,3.64,-4.99,10.29
2163,2.88,-5.29,10.19
2164,2.13,-5.56,9.99
2165,1.56,-5.84,9.60
2169,0.94,-6.14,9.13
2170,0.35,-6.46,8.54
2174,-0.07,-6.79,7.74
2175,-0.32,-7.03,6.89
2179,-0.55,-7.18,5.84
2180,-0.58,-7.17,4.82
2184,-0.55,-7.07,3.71
2185,-0.51,-6.94,2.58
2189,-0.46,-6.71,1.51
2195,-0.31,-6.46,0.45
2196,-0.18,-6.25,-0.52
2196,-0.11,-5.89,-1.44
2198,0.05,-5.51,-2.32
2201,0.18,-5.19,-3.22
2203,0.24,-4.95,-3.91
2206,0.47,-4.71,-4.60
2211,0.67,-4.48,-5.18
2211,0.98,-4.12,-5.60
2215,1.40,-3.76,-5.97
2216,1.74,-3.31,-6.20
2217,2.04,-2.80,-6.47
2219,2.40,-2.37,-6.67
2222,2.69,-1.96,-6.84
2227,2.91,-1.61,-7.00
2228,3.14,-1.31,-7.10
2229,3.26,-1.06,-7.21
2233,3.17,-0.87,-7.29
2234,3.00,-0.77,-7.58
2237,2.75,-0.81,-7.89
2244,2.26,-0.87,-8.25
2245,1.79,-1.01,-8.64
2246,1.34,-1.28,-9.02
2248,0.63,-1.66,-9.53
2249,-0.04,-2.03,-9.91
2253,-0.72,-2.56,-10.24
2254,-1.40,-3.10,-10.55
2260,-2.06,-3.61,-10.86
2261,-2.68,-4.13,-11.07
2262,-3.20,-4.63,-11.09
2265,-3.70,-5.20,-11.11
2267,-4.13,-5.79,-11.16
2270,-4.43,-6.46,-11.14
2272,-4.61,-7.07,-11.14
2278,-4.66,-7.65,-11.15
2279,-4.61,-8.20,-11.20
2280,-4.55,-8.84,-11.25
2282,-4.39,-9.57,-11.36
2284,-4.09,-10.29,-11.42
2287,-3.84,-11.07,-11.50
2297,-3.51,-11.79,-11.66
2303,-3.07,-12.46,-11.80
2304,-2.71,-12.97,-11.89
2305,-2.38,-13.36,-11.86
2305,-1.98,-13.72,-11.89
2305,-1.63,-13.95,-11.95
2306,-1.30,-14.06,-11.96
2310,-0.94,-14.12,-12.05
2310,-0.65,-14.09,-12.21
2314,-0.36,-13.96,-12.43
2316,-0.03,-13.83,-12.65
2319,0.30,-13.50,-12.88
2321,0.57,-13.08,-13.09
2323,0.81,-12.62,-13.41
2327,1.11,-12.09,-13.65
2328,1.16,-11.53,-13.87
2331,1.29,-11.09,-14.22
2334,1.29,-10.67,-14.58
2335,1.24,-10.30,-14.93
2338,1.24,-9.87,-15.27
2344,1.17,-9.45,-15.67
2344,1.05,-9.20,-16.04
2345,0.89,-8.97,-16.35
2349,0.87,-8.79,-16.67
2351,0.72,-8.58,-17.07
2354,0.56,-8.34,-17.30
2356,0.45,-8.13,-17.54
2361,0.34,-7.93,-17.81
2361,0.32,-7.79,-18.10
2364,0.37,-7.56,-18.32
2366,0.48,-7.31,-18.54
2370,0.57,-7.11,-18.70
2372,0.75,-6.90,-18.76
2374,0.97,-6.60,-18.74
2378,1.16,-6.23,-18.69
2379,1.32,-5.82,-18.60
2380,1.37,-5.49,-18.47
2384,1.31,-5.17,-18.34
2386,1.28,-4.90,-18.24
2390,1.22,-4.54,-18.17
2394,1.09,-4.16,-18.04
2395,0.93,-3.75,-17.95
2396,0.84,-3.30,-17.90
2399,0.70,-2.76,-17.94
2401,0.47,-2.22,-17.94
2404,0.33,-1.58,-18.05
2406,0.09,-0.94,-18.17
2413,-0.17,-0.26,-18.36
2414,-0.44,0.43,-18.48
2416,-0.69,1.09,-18.73
2416,-0.96,1.69,-19.12
2419,-1.12,2.30,-19.64
2421,-1.25,2.91,-20.29
2423,-1.30,3.55,-20.97
2428,-1.29,4.32,-21.68
2429,-1.24,4.95,-22.60
2430,-1.20,5.50,-23.52
2433,-1.17,5.93,-24.54
2435,-1.08,6.26,-25.70
2438,-0.93,6.49,-26.86
2443,-0.67,6.72,-27.93
2444,-0.43,7.03,-29.03
2445,-0.11,7.22,-30.19
2448,0.28,7.40,-31.20
2450,0.60,7.58,-32.25
2453,0.94,7.66,-33.38
2455,1.20,7.64,-34.61
2462,1.48,7.50,-36.06
2462,1.59,7.23,-37.46
2463,1.59,6.82,-38.76
2465,1.61,6.30,-39.95
2468,1.42,5.88,-41.13
2471,1.22,5.43,-42.24
2475,1.01,4.83,-43.25
2482,0.80,4.11,-44.17
2483,0.49,3.25,-44.96
2484,0.25,2.36,-45.80
2484,0.16,1.57,-46.70
2486,0.16,0.78,-47.56
2489,0.32,0.06,-48.41
2493,0.61,-0.62,-49.22
2493,0.96,-1.27,-50.01
2496,1.37,-1.98,-50.81
2499,1.72,-2.86,-51.59
2502,2.14,-3.77,-52.46
2504,2.55,-4.63,-53.27
2506,3.07,-5.31,-54.01
2511,3.62,-5.71,-54.69
2512,4.20,-6.07,-55.30
2515,4.68,-6.54,-55.80
2517,5.01,-7.07,-56.02
2520,5.15,-7.77,-56.16
2522,5.11,-8.57,-56.06
2524,4.85,-9.36,-55.68
2529,4.52,-10.20,-55.10
2530,3.99,-11.01,-54.20
2531,3.37,-11.82,-53.00
2536,2.70,-12.73,-51.58
2536,1.94,-13.69,-49.99
2540,1.23,-14.62,-48.24
2544,0.44,-15.54,-46.25
2544,-0.43,-16.33,-44.00
2546,-1.28,-16.98,-41.52
2550,-2.12,-17.63,-38.96
2551,-3.10,-18.22,-36.23
2555,-4.10,-18.63,-33.40
2557,-5.10,-18.95,-30.25
2561,-6.14,-19.35,-26.83
2561,18.02,-61.94,57.89
2565,14.02,-22.45,11.31
2567,-17.89,1.26,-78.95
2569,-27.06,-45.13,-55.35
2571,-13.59,-68.40,-47.02
2575,6.22,-6.27,-64.44
2579,15.15,43.51,-78.95
2580,-0.70,39.89,-78.95
2581,-13.78,12.34,-78.58
2585,-0.98,-14.74,-78.95
2587,6.60,-15.69,-78.95
2590,7.79,6.43,-78.87
2594,7.89,16.50,-78.02
2595,5.54,2.30,-76.44
2597,4.38,-16.11,-60.68
2600,4.83,-25.58,-42.59
2601,8.60,-27.48,-25.84
2604,10.17,-23.90,-10.85
2606,9.78,-18.97,-1.19
2615,10.13,-18.65,6.12
2616,9.96,-20.24,14.59
2616,9.50,-21.21,24.76
2617,9.41,-19.66,34.58
2619,9.44,-15.73,41.86
2621,8.91,-11.46,46.69
2625,7.72,-9.21,49.47
2634,6.25,-8.44,51.18
2635,4.52,-7.72,52.01
2636,2.86,-6.08,51.72
2637,1.36,-4.18,49.94
2638,0.01,-2.95,47.00
2644,-1.46,-2.67,43.26
2645,-2.51,-2.90,39.11
2647,-3.04,-2.79,35.22
2648,-3.16,-2.21,31.48
2652,-2.94,-1.39,27.81
2652,-2.39,-0.59,24.07
2655,-1.76,-0.13,20.35
2656,-1.22,0.22,16.76
2662,-0.63,0.28,13.80
2663,0.06,0.24,11.64
2665,0.72,0.26,9.54
2667,1.33,0.22,7.75
2669,1.90,0.12,6.15
2672,2.33,-0.14,4.79
2674,2.76,-0.49,3.72
2678,3.04,-0.82,2.74
2679,3.11,-1.12,2.11
2682,3.01,-1.47,1.66
2685,2.67,-1.86,1.28
2687,2.10,-2.35,0.94
2690,1.42,-2.76,0.53
2693,0.65,-3.15,0.25
2695,-0.16,-3.55,-0.02
2696,-0.95,-3.92,-0.04
2699,-1.56,-4.15,-0.05
2703,-2.09,-4.42,-0.08
2705,-2.47,-4.71,-0.11
2708,-2.74,-4.92,-0.17
2713,-2.81,-5.23,-0.17
2715,-2.72,-5.48,-0.12
2715,-2.45,-5.61,-0.12
2717,-2.03,-5.68,-0.07
2722,-1.59,-5.74,-0.04
2722,-1.15,-5.72,0.09
2725,-0.63,-5.82,0.11
2728,-0.10,-5.94,0.19
2730,0.36,-5.92,0.16
2732,0.82,-5.92,0.04
2736,1.26,-5.89,0.02
2737,1.54,-5.92,-0.05
2740,1.73,-5.94,-0.06
2746,1.88,-6.01,-0.08
2746,1.85,-6.06,-0.10
2747,1.76,-6.10,-0.20
2750,1.50,-6.17,-0.39
2751,1.16,-6.23,-0.53
2756,0.69,-6.41,-0.82
2756,0.22,-6.63,-1.21
2762,-0.20,-6.83,-1.67
2762,-0.65,-7.05,-2.04
2764,-1.00,-7.19,-2.43
2766,-1.40,-7.17,-2.89
2770,-1.77,-7.28,-3.46
2771,-2.11,-7.41,-4.14
2775,-2.49,-7.54,-4.66
2780,-2.89,-7.77,-5.31
2781,-3.13,-8.02,-6.00
2782,-3.46,-8.25,-6.74
2785,-3.79,-8.48,-7.46
2786,-4.01,-8.68,-8.23
2789,-4.26,-8.86,-9.05
2795,-4.52,-8.99,-9.76
2796,-4.62,-9.06,-10.46
2797,-4.65,-8.99,-11.27
2800,-4.80,-8.93,-11.97
2802,-4.79,-8.83,-12.63
2805,-4.78,-8.82,-13.30
2807,-4.78,-8.79,-13.96
2814,-4.62,-8.77,-14.51
2814,-4.36,-8.77,-14.99
2816,-4.13,-8.73,-15.44
2819,-3.73,-8.62,-15.80
2820,-3.22,-8.46,-16.04
2822,-2.70,-8.25,-16.32
2827,-2.04,-7.99,-16.49
2828,-1.46,-7.80,-16.51
2830,-0.92,-7.65,-16.51
2833,-0.37,-7.51,-16.53
2836,0.23,-7.29,-16.38
2838,0.72,-7.13,-16.25
2841,1.08,-7.01,-16.08
2845,1.48,-6.97,-15.90
2846,1.67,-6.98,-15.61
2847,1.85,-6.94,-15.38
2851,2.01,-6.94,-15.13
2852,2.09,-6.85,-14.92
2856,2.10,-6.80,-14.63
2858,2.16,-6.80,-14.40
2862,2.04,-6.78,-14.18
2863,1.87,-6.82,-13.89
2867,1.72,-6.89,-13.67
2868,1.51,-6.92,-13.50
2871,1.25,-7.11,-13.31
2873,0.91,-7.17,-13.15
2878,0.67,-7.25,-13.00
2879,0.44,-7.24,-12.97
2880,0.17,-7.28,-12.92
2883,-0.02,-7.40,-12.95
2886,-0.31,-7.46,-12.93
2888,-0.49,-7.54,-12.95
2891,-0.57,-7.67,-12.99
2894,-0.64,-7.77,-12.94
2896,-0.66,-7.81,-12.86
2897,-0.55,-7.88,-12.86
2901,-0.41,-7.85,-12.80
2902,-0.21,-7.88,-12.75
2906,0.09,-7.90,-12.85
2908,0.39,-7.81,-12.87
2912,0.74,-7.80,-12.93
2913,1.18,-7.77,-12.95
2917,1.54,-7.72,-13.05
2920,1.88,-7.60,-13.15
2920,2.13,-7.54,-13.23
2923,2.40,-7.46,-13.35
2930,2.57,-7.43,-13.56
2930,2.65,-7.40,-13.77
2931,2.68,-7.32,-13.93
2933,2.59,-7.26,-14.26
2936,2.45,-7.16,-14.49
2937,2.32,-7.08,-14.79
2941,2.15,-6.94,-15.03
2947,1.93,-6.89,-15.28
2948,1.65,-6.84,-15.40
2949,1.45,-6.81,-15.61
2950,1.09,-6.81,-15.86
2952,0.74,-6.81,-16.00
2955,0.50,-6.81,-16.11
2957,0.16,-6.78,-16.24
2963,-0.08,-6.66,-16.32
2964,-0.32,-6.70,-16.35
2967,-0.49,-6.75,-16.44
2968,-0.67,-6.76,-16.57
2970,-0.80,-6.89,-16.69
2973,-0.87,-7.05,-16.73
2978,-0.94,-7.16,-16.64
2979,-0.99,-7.30,-16.52
2984,-1.06,-7.37,-16.33
2985,-1.04,-7.41,-16.08
2986,-1.05,-7.57,-15.78
2989,-1.08,-7.78,-15.45
2991,-1.16,-7.94,-15.13
2994,-1.15,-8.16,-14.89
2998,-1.03,-8.34,-14.58
2998,-0.90,-8.45,-14.21
3002,-0.76,-8.50,-13.88
3003,-0.54,-8.52,-13.58
3007,-0.29,-8.48,-13.38
3007,-0.03,-8.42,-13.02
3012,0.23,-8.29,-12.78
3013,0.44,-8.19,-12.55
3016,0.72,-8.09,-12.38
3021,0.95,-7.99,-12.23
3021,1.16,-7.89,-12.10
3025,1.33,-7.81,-12.07
3030,1.54,-7.71,-12.04
3033,1.70,-7.57,-12.11
3033,1.92,-7.47,-12.16
3034,2.10,-7.40,-12.21
3036,2.28,-7.27,-12.30
3039,2.37,-7.15,-12.39
3042,2.44,-7.03,-12.48
3047,2.48,-6.96,-12.61
3048,2.52,-6.85,-12.72
3048,2.56,-6.80,-12.86
3052,2.60,-6.75,-12.96
3053,2.65,-6.66,-13.08
3057,2.72,-6.53,-13.16
3063,2.81,-6.46,-13.24
3064,3.08,-6.40,-13.28
3064,3.18,-6.24,-13.37
3067,3.44,-6.15,-13.33
3069,3.58,-6.11,-13.26
3072,3.69,-6.08,-13.21
3074,3.73,-6.04,-13.28
3078,3.74,-6.05,-13.31
3079,3.64,-6.14,-13.26
3081,3.64,-6.27,-13.17
3084,3.57,-6.29,-13.12
3088,3.40,-6.31,-12.98
3089,3.28,-6.61,-12.88
3091,3.12,-6.90,-12.79
3096,2.90,-7.14,-12.72
3099,2.69,-7.36,-12.66
3099,2.58,-7.51,-12.62
3100,2.44,-7.70,-12.54
3103,2.33,-7.75,-12.55
3106,2.33,-7.91,-12.70
3108,2.35,-8.00,-12.81
3112,2.48,-8.03,-12.91
3114,2.67,-8.03,-13.12
3117,2.89,-8.06,-13.20
3121,3.11,-8.13,-13.35
3122,3.38,-8.19,-13.57
3123,3.64,-8.17,-13.76
3128,3.97,-8.08,-13.96
3128,4.28,-8.04,-14.25
3131,4.57,-7.95,-14.52
3133,4.75,-7.72,-14.81
3137,4.99,-7.54,-15.23
3138,5.22,-7.32,-15.66
3141,5.42,-7.07,-16.11
3145,5.56,-6.87,-16.57
3146,5.78,-6.61,-16.95
3149,5.89,-6.29,-17.35
3152,6.05,-5.95,-17.46
3154,6.02,-5.81,-17.79
3158,5.95,-5.61,-18.00
3158,5.87,-5.26,-18.26
3163,5.74,-5.06,-18.59
3164,5.46,-4.93,-18.86
3167,5.23,-4.84,-19.11
3170,5.00,-4.88,-19.28
3172,4.74,-4.95,-19.46
3174,4.51,-4.85,-19.76
3179,4.44,-4.74,-20.09
3180,4.34,-4.74,-20.44
3182,4.32,-4.61,-20.57
3183,4.28,-4.25,-21.00
3187,4.26,-3.97,-21.61
3188,4.39,-3.72,-22.20
3192,4.49,-3.57,-23.06
3197,4.72,-3.53,-23.90
3197,5.04,-3.41,-24.83
3199,5.38,-3.17,-25.93
3202,5.91,-2.83,-27.11
3203,6.47,-2.49,-28.33
3208,7.17,-2.12,-29.61
3209,7.72,-1.74,-30.86
3213,8.17,-1.38,-32.05
3214,8.69,-1.09,-33.38
3217,9.03,-0.88,-34.58
3219,9.34,-0.96,-35.52
3222,9.51,-1.12,-36.39
3224,9.64,-1.15,-37.20
3229,9.71,-1.22,-37.93
3229,9.67,-1.18,-38.55
3232,9.36,-1.20,-39.04
3233,8.80,-1.14,-39.51
3236,8.02,-1.11,-40.11
3238,7.04,-1.16,-40.67
3242,5.96,-1.43,-41.09
3248,4.78,-1.65,-41.63
3250,3.48,-1.80,-42.12
3250,2.12,-1.99,-42.54
3251,0.72,-2.26,-43.14
3254,-0.78,-2.55,-43.66
3259,-2.34,-2.91,-43.84
3263,-3.91,-3.52,-43.70
3264,-5.45,-4.04,-43.60
3264,-6.93,-4.25,-43.48
3268,-8.16,-4.61,-42.87
3270,-9.39,-4.98,-42.23
3274,-10.43,-5.37,-41.52
3274,-11.14,-5.79,-40.36
3278,-11.72,-6.17,-38.67
3279,-12.01,-6.46,-36.50
3282,-12.12,-6.94,-33.92
3284,-11.99,-7.51,-30.95
3287,-11.79,-8.15,-27.63
3290,-11.43,-8.84,-24.14
3292,-10.91,-9.42,-20.47
3296,-18.89,-14.42,-4.91
3297,-15.29,-67.03,77.09
3300,-21.31,-44.43,-1.50
3302,-17.27,-19.63,-78.80
3304,-20.67,-33.50,-38.81
3307,-9.20,-20.11,-27.92
3312,-18.31,15.10,-34.30
3312,-13.89,46.49,-49.22
3316,-13.70,43.52,-65.81
3319,-11.04,6.92,-72.13
3319,0.05,-7.86,-66.37
3323,8.37,5.08,-60.86
3324,14.41,22.53,-60.44
3329,16.30,28.23,-62.10
3330,15.10,21.61,-62.06
3332,9.07,6.34,-58.33
3334,2.84,-9.94,-51.61
3338,2.49,-18.22,-43.62
3340,1.46,-20.82,-35.43
3342,-2.42,-13.92,-28.20
3346,-4.71,-11.00,-22.62
3347,-6.00,-12.07,-16.62
3350,-7.42,-14.94,-9.79
3353,-8.03,-17.22,-2.40
3354,-7.93,-17.23,4.17
3358,-6.91,-15.83,9.93
3362,-5.38,-13.98,14.83
3363,-3.58,-12.29,18.82
3364,-1.17,-10.49,22.77
3369,0.92,-8.69,25.09
3369,3.27,-7.19,26.97
3373,5.35,-5.80,27.92
3375,7.13,-4.88,28.19
3380,8.54,-4.19,27.90
3381,9.40,-3.81,26.94
3383,9.69,-3.70,25.87
3385,9.39,-3.76,23.99
3388,8.80,-4.01,21.90
3389,7.89,-4.05,19.68
3394,6.80,-3.93,17.13
3395,5.50,-3.50,14.80
3398,3.86,-3.23,12.40
3399,2.11,-3.25,10.33
3403,0.25,-3.35,8.23
3404,-1.44,-3.45,6.26
3408,-2.92,-3.31,4.44
3410,-4.15,-2.98,2.76
3412,-5.07,-2.56,1.68
3416,-5.81,-2.01,0.66
3417,-6.38,-1.58,0.09
3420,-6.79,-1.32,-0.35
3422,-7.13,-1.35,-0.68
3425,-7.25,-1.45,-0.75
3428,-7.06,-1.55,-0.72
3429,-6.53,-1.69,-0.30
3433,-5.77,-1.61,0.20
3435,-4.71,-1.55,0.78
3438,-3.54,-1.48,1.48
3440,-2.33,-1.53,2.11
3445,-1.12,-1.73,2.83
3447,0.03,-1.98,3.50
3448,1.10,-2.33,4.22
3450,1.97,-2.69,4.97
3453,2.70,-2.99,5.85
3455,3.17,-3.28,6.64
3458,3.45,-3.65,7.25
3462,3.57,-4.02,7.78
3463,3.41,-4.45,8.08
3464,3.01,-4.85,8.46
3468,2.44,-5.22,8.63
3470,1.79,-5.53,8.43
3473,1.19,-5.71,8.00
3475,0.46,-5.90,7.23
3480,-0.25,-6.17,6.36
3481,-0.99,-6.37,5.39
3483,-1.63,-6.45,4.37
3485,-2.21,-6.41,3.17
3487,-2.83,-6.41,1.82
3490,-3.28,-6.58,0.43
3492,-3.69,-6.89,-1.02
3498,-3.90,-7.11,-2.45
3498,-3.89,-7.12,-3.81
3500,-3.70,-6.96,-5.14
3503,-3.41,-6.76,-6.38
3506,-3.08,-6.52,-7.60
3508,-2.69,-6.48,-8.74
3512,-2.41,-6.41,-9.82
3513,-2.23,-6.29,-10.83
3514,-2.05,-6.15,-11.66
3517,-1.97,-6.13,-12.44
3521,-1.93,-6.11,-13.01
3523,-1.93,-6.12,-13.58
3524,-1.97,-6.12,-13.97
3528,-2.09,-6.22,-14.40
3530,-2.13,-6.35,-14.63
3532,-2.21,-6.52,-14.69
3535,-2.34,-6.71,-14.72
3537,-2.43,-6.97,-14.68
3540,-2.53,-7.22,-14.66
3545,-2.54,-7.49,-14.56
3545,-2.50,-7.69,-14.38
3548,-2.44,-7.83,-14.20
3550,-2.38,-7.90,-14.07
3552,-2.20,-7.97,-13.99
3555,-1.89,-8.06,-13.92
3557,-1.61,-7.99,-13.90
3560,-1.24,-7.90,-13.87
3563,-0.84,-7.79,-13.95
3565,-0.36,-7.63,-14.07
3567,0.20,-7.54,-14.14
3569,0.72,-7.37,-14.17
3573,1.26,-7.24,-14.17
3575,1.80,-7.06,-14.23
3579,2.33,-6.83,-14.32
3581,2.75,-6.66,-14.30
3583,3.00,-6.49,-14.35
3585,3.17,-6.36,-14.47
3588,3.26,-6.33,-14.55
3590,3.30,-6.25,-14.64
3592,3.35,-6.18,-14.77
3595,3.31,-6.15,-14.85
3597,3.22,-6.03,-14.95
3601,3.09,-5.98,-15.08
3603,2.97,-5.93,-15.15
3606,2.72,-5.88,-15.20
3608,2.53,-5.89,-15.30
3612,2.26,-5.88,-15.39
3613,2.01,-5.93,-15.40
3616,1.71,-5.96,-15.40
3618,1.43,-5.93,-15.40
3621,1.04,-6.00,-15.42
3623,0.67,-6.13,-15.38
3626,0.35,-6.24,-15.33
3629,0.14,-6.34,-15.15
3630,-0.15,-6.36,-15.05
3634,-0.45,-6.48,-15.02
3635,-0.59,-6.55,-14.94
3639,-0.77,-6.67,-14.86
3641,-0.86,-6.72,-14.85
3645,-0.83,-6.71,-14.82
3645,-0.72,-6.61,-14.79
3650,-0.57,-6.52,-14.78
3651,-0.39,-6.36,-14.70
3653,-0.13,-6.28,-14.66
3655,0.21,-6.22,-14.61
3658,0.54,-6.05,-14.61
3662,0.87,-5.89,-14.57
3664,1.19,-5.75,-14.52
3669,1.59,-5.61,-14.48
3671,1.92,-5.40,-14.46
3671,2.20,-5.20,-14.47
3675,2.46,-5.05,-14.44
3676,2.67,-5.02,-14.40
3679,2.83,-4.93,-14.45
3680,2.87,-4.85,-14.49
3684,2.89,-4.74,-14.46
3686,2.86,-4.74,-14.46
3688,2.78,-4.76,-14.41
3691,2.68,-4.74,-14.33
3696,2.47,-4.75,-14.34
3696,2.28,-4.72,-14.26
3699,2.06,-4.74,-14.15
3702,1.82,-4.81,-14.11
3703,1.60,-4.84,-14.05
3706,1.48,-4.90,-14.01
3709,1.20,-4.97,-13.99
3713,0.91,-5.04,-13.98
3714,0.66,-5.16,-13.97
3716,0.47,-5.31,-13.98
3720,0.29,-5.36,-14.01
3721,0.15,-5.38,-13.96
3724,0.03,-5.43,-14.01
3726,-0.15,-5.45,-13.88
3730,-0.39,-5.45,-13.91
3731,-0.53,-5.41,-13.87
3734,-0.79,-5.48,-13.72
3736,-0.91,-5.55,-13.72
3739,-1.08,-5.59,-13.71
3742,-1.22,-5.64,-13.66
3752,-1.23,-5.64,-13.60
3752,-1.15,-5.61,-13.60
3753,-1.08,-5.57,-13.54
3753,-0.96,-5.54,-13.52
3754,-0.77,-5.44,-13.43
3756,-0.60,-5.39,-13.41
3758,-0.43,-5.32,-13.44
3763,-0.26,-5.30,-13.41
3764,-0.11,-5.27,-13.53
3765,0.04,-5.19,-13.56
3769,0.20,-5.07,-13.66
3771,0.30,-4.97,-13.73
3774,0.37,-4.85,-13.81
3775,0.52,-4.82,-13.95
3787,0.63,-4.78,-14.03
3789,0.71,-4.65,-14.18
3792,0.77,-4.58,-14.24
3793,0.80,-4.50,-14.33
3793,0.83,-4.45,-14.49
3794,0.85,-4.46,-14.61
3796,0.84,-4.40,-14.71
3796,0.81,-4.31,-14.78
3801,0.78,-4.26,-14.82
3801,0.80,-4.23,-14.86
3804,0.80,-4.15,-14.93
3806,0.73,-4.08,-14.90
3809,0.73,-4.06,-14.91
3813,0.78,-4.04,-14.88
3814,0.84,-4.06,-14.88
3817,0.94,-4.06,-14.87
3820,1.09,-4.03,-14.92
3822,1.34,-4.04,-14.92
3824,1.50,-3.98,-14.90
3825,1.66,-3.91,-14.83
3830,1.81,-3.86,-14.74
3831,1.99,-3.85,-14.74
3835,2.14,-3.82,-14.74
3835,2.21,-3.80,-14.79
3839,2.33,-3.71,-14.76
3842,2.44,-3.74,-14.78
3846,2.53,-3.77,-14.86
3847,2.55,-3.78,-15.03
3850,2.60,-3.75,-15.09
3852,2.56,-3.61,-15.32
3854,2.51,-3.55,-15.60
3857,2.40,-3.51,-15.84
3860,2.28,-3.43,-16.24
3866,2.10,-3.44,-16.72
3866,1.96,-3.45,-17.18
3867,1.86,-3.44,-17.67
3870,1.75,-3.47,-18.04
3872,1.63,-3.48,-18.40
3874,1.55,-3.53,-18.89
3879,1.53,-3.59,-19.36
3880,1.38,-3.84,-19.79
3882,1.27,-4.11,-20.28
3884,1.28,-4.38,-20.80
3886,1.34,-4.45,-21.19
3890,1.48,-4.51,-21.70
3891,1.65,-4.58,-22.20
3895,1.89,-4.74,-22.64
3896,2.13,-4.99,-23.08
3904,2.32,-5.36,-23.53
3904,2.47,-5.67,-24.00
3905,2.71,-6.01,-24.45
3907,2.90,-6.21,-24.93
3910,3.02,-6.33,-25.31
3915,3.04,-6.39,-25.75
3916,3.04,-6.55,-26.18
3916,2.90,-6.79,-26.66
3921,2.62,-7.11,-27.16
3921,2.28,-7.48,-27.73
3924,1.96,-7.95,-28.35
3929,1.64,-8.43,-28.96
3930,1.35,-8.78,-29.62
3931,1.07,-9.04,-30.35
3935,0.89,-9.35,-31.03
3936,0.78,-9.66,-31.70
3940,0.72,-9.98,-32.47
3943,0.76,-10.33,-33.08
3947,0.87,-10.66,-33.68
3948,1.07,-11.06,-34.22
3949,1.39,-11.36,-34.95
3952,1.76,-11.52,-35.74
3955,2.28,-11.61,-36.62
3958,2.90,-11.66,-37.49
3960,3.68,-11.59,-38.28
3966,4.56,-11.37,-38.88
3967,5.42,-11.07,-39.35
3968,6.05,-10.79,-39.55
3970,6.47,-10.67,-39.78
3971,6.70,-10.63,-40.01
3975,6.78,-10.61,-40.20
3980,6.82,-10.56,-40.31
3981,6.77,-10.36,-40.21
3981,6.58,-10.04,-39.90
3985,6.25,-9.65,-39.36
3986,5.63,-9.25,-38.52
3990,4.80,-8.94,-37.37
3991,3.75,-8.70,-36.06
3998,2.55,-8.50,-34.56
3999,1.30,-8.34,-32.93
4002,-0.13,-8.32,-31.11
4003,-1.66,-8.42,-29.13
4005,-3.16,-8.52,-26.99
4007,-4.61,-8.62,-24.58
4009,-5.98,-8.66,-21.85
4014,-7.20,-8.66,-18.93
4016,-8.18,-8.68,-15.81
4016,-8.95,-8.63,-12.49
4022,-9.65,-8.63,-9.13
4024,-10.23,-8.67,-5.74
4025,-10.69,-8.67,-2.22
4028,-10.91,-8.69,1.14
4030,-10.88,-8.79,4.47
4031,-10.91,-18.18,26.51
4035,16.25,-35.98,78.03
4036,16.41,37.61,-52.19
4040,-31.46,-18.95,-15.43
4042,-32.23,-75.04,10.78
4047,16.73,-60.26,-53.38
4048,28.19,39.49,-18.16
4050,26.89,73.23,-69.78
4052,7.76,46.64,-78.95
4055,-13.82,21.06,-78.32
4057,4.97,2.50,-76.73
4060,19.02,8.54,-70.36
4064,14.85,34.23,-63.32
4065,-0.09,42.47,-61.36
4067,-7.66,18.90,-63.01
4070,-9.15,-6.86,-52.66
4072,-10.89,-17.32,-39.02
4075,-7.60,-20.79,-22.38
4080,-6.16,-22.28,-7.64
4080,-8.11,-17.00,0.48
4082,-8.34,-15.67,3.56
4085,-6.62,-19.61,8.63
4086,-4.69,-23.78,16.02
4090,-2.13,-25.13,24.26
4092,1.34,-22.34,31.60
4096,4.43,-17.29,36.99
4097,6.67,-13.20,39.46
4101,8.04,-12.02,40.56
4104,8.51,-12.50,41.17
4106,8.27,-12.60,41.15
4108,7.69,-11.28,40.33
4110,6.79,-9.26,38.11
4115,5.59,-7.89,35.01
4116,3.93,-7.38,31.00
4118,2.05,-7.67,26.57
4120,0.47,-7.81,22.38
4122,-0.94,-7.25,18.04
4124,-2.02,-6.10,13.75
4129,-2.95,-5.02,9.24
4130,-3.70,-4.36,4.72
4132,-4.24,-3.98,0.25
4139,-4.52,-3.59,-3.90
4141,-4.55,-2.94,-7.68
4142,-4.40,-2.23,-11.18
4143,-3.81,-1.47,-13.88
4147,-3.17,-0.61,-16.12
4147,-2.47,0.08,-17.76
4151,-1.79,0.61,-18.93
4152,-1.20,0.82,-19.66
4155,-0.82,0.84,-19.68
4158,-0.45,0.70,-19.37
4164,-0.14,0.47,-18.61
4164,-0.01,0.22,-17.36
4164,0.03,-0.20,-15.87
4168,0.03,-0.69,-14.27
4170,-0.04,-1.30,-12.50
4173,0.00,-1.82,-10.64
4175,0.16,-2.12,-8.93
4180,0.29,-2.46,-7.23
4180,0.57,-2.81,-5.67
4184,0.91,-3.12,-4.22
4185,1.39,-3.25,-2.79
4188,1.88,-3.25,-1.54
4191,2.36,-3.24,-0.41
4193,2.83,-3.27,0.58
4197,3.13,-3.41,1.28
4198,3.35,-3.59,1.84
4201,3.49,-3.72,2.10
4204,3.53,-3.85,2.13
4205,3.48,-3.89,2.00
4208,3.23,-3.97,1.92
4210,2.66,-3.94,1.91
4214,1.83,-3.95,1.84
4215,0.83,-4.02,1.64
4219,-0.44,-4.29,1.13
4222,-1.77,-4.58,0.53
4223,-3.05,-4.81,-0.15
4226,-4.27,-4.91,-0.85
4232,-5.42,-4.91,-1.63
4233,-6.40,-4.80,-2.65
4233,-7.30,-4.78,-3.70
4236,-8.17,-4.91,-4.90
4237,-8.78,-5.02,-6.11
4240,-9.22,-5.06,-7.28
4247,-9.54,-4.91,-8.49
4248,-9.62,-4.74,-9.60
4248,-9.62,-4.63,-10.67
4254,-9.57,-4.51,-11.78
4256,-9.38,-4.41,-12.85
4259,-9.11,-4.32,-13.91
4260,-8.87,-4.12,-14.89
4260,-8.60,-3.93,-15.63
4264,-8.14,-3.76,-16.36
4265,-7.88,-3.59,-17.06
4268,-7.57,-3.40,-17.61
4270,-7.30,-3.29,-18.16
4273,-7.12,-3.33,-18.59
4276,-7.10,-3.49,-18.73
4280,-7.05,-3.71,-19.02
4281,-6.93,-3.92,-19.15
4283,-6.88,-4.15,-19.07
4286,-6.65,-4.34,-18.94
4287,-6.39,-4.47,-18.74
4291,-6.07,-4.62,-18.52
4293,-5.63,-4.78,-18.17
4297,-5.12,-4.84,-17.73
4298,-4.56,-4.91,-17.23
4301,-3.92,-4.95,-16.69
4304,-3.14,-4.94,-16.11
4306,-2.37,-4.82,-15.49
4308,-1.54,-4.64,-14.92
4311,-0.71,-4.43,-14.37
4318,0.03,-4.25,-13.96
4319,0.76,-4.12,-13.58
4319,1.49,-3.83,-13.34
4320,1.96,-3.65,-13.14
4325,2.38,-3.56,-12.97
4326,2.74,-3.49,-13.00
4333,2.80,-3.60,-12.91
4334,2.80,-3.75,-12.93
4335,2.75,-3.93,-13.07
4335,2.64,-4.08,-13.26
4340,2.48,-4.20,-13.37
4341,2.34,-4.25,-13.54
4346,2.21,-4.32,-13.87
4350,2.03,-4.44,-14.19
4350,1.79,-4.69,-14.57
4351,1.43,-5.02,-15.01
4356,1.02,-5.37,-15.55
4356,0.62,-5.77,-16.11
4358,0.32,-6.02,-16.66
4367,-0.06,-6.25,-17.26
4367,-0.40,-6.56,-17.83
4368,-0.71,-6.85,-18.23
4368,-1.04,-7.17,-18.67
4371,-1.36,-7.44,-19.07
4373,-1.50,-7.70,-19.47
4376,-1.59,-8.05,-19.81
4380,-1.55,-8.41,-20.20
4381,-1.37,-8.77,-20.46
4384,-1.09,-9.18,-20.74
4386,-0.67,-9.62,-21.02
4388,-0.25,-10.16,-21.27
4391,0.27,-10.79,-21.54
4393,0.77,-11.44,-21.86
4398,1.41,-12.05,-22.08
4399,1.94,-12.73,-22.36
4402,2.43,-13.55,-22.61
4404,3.02,-14.51,-22.97
4406,3.51,-15.42,-23.34
4409,4.04,-16.13,-23.79
4415,4.72,-16.62,-24.33
4417,5.41,-16.86,-24.97
4418,6.10,-16.93,-25.64
4418,6.82,-16.75,-26.46
4421,7.51,-16.47,-27.44
4424,8.14,-16.08,-28.47
4426,8.79,-15.63,-29.57
4432,9.33,-15.11,-30.73
4433,9.76,-14.54,-31.95
4434,10.14,-13.80,-33.00
4437,10.40,-13.10,-34.11
4439,10.32,-12.43,-35.37
4442,10.24,-11.78,-36.70
4443,10.11,-11.03,-38.08
4447,9.77,-10.30,-39.50
4448,9.28,-9.77,-40.83
4452,8.61,-9.44,-42.01
4453,7.70,-9.28,-43.22
4456,6.65,-9.32,-44.46
4458,5.63,-9.34,-45.69
4465,4.68,-9.31,-46.88
4472,3.88,-9.13,-47.91
4473,3.32,-8.83,-48.74
4474,2.99,-8.48,-49.40
4474,2.92,-8.10,-50.00
4475,2.92,-7.61,-50.41
4476,2.99,-7.12,-50.87
4481,3.09,-6.61,-51.31
4481,3.24,-6.05,-51.55
4484,3.46,-5.51,-51.54
4486,3.66,-5.00,-51.35
4489,3.75,-4.56,-50.93
4491,3.84,-4.17,-50.32
4497,3.72,-4.04,-49.52
4498,3.53,-4.00,-48.44
4499,3.26,-3.93,-47.08
4502,2.86,-3.80,-45.38
4505,2.39,-3.84,-43.44
4506,1.88,-3.95,-41.41
4510,1.31,-4.18,-39.27
4516,0.64,-4.45,-36.90
4518,-0.13,-4.90,-34.25
4519,-0.89,-5.32,-31.45
4520,-1.75,-5.76,-28.48
4523,-2.76,-6.28,-25.29
4525,-3.79,-6.86,-21.98
4527,-4.83,-7.43,-18.61
4533,-5.73,-8.11,-15.01
4534,-6.50,-8.69,-11.38
4535,1.77,-20.34,16.40
4538,35.73,-23.86,72.15
4539,18.21,30.14,-64.77
4542,-39.18,-27.10,-39.02
4546,-24.37,-71.99,4.05
4547,18.01,-44.04,-43.70
4549,33.08,50.00,-21.03
4552,27.84,58.25,-73.36
4554,-1.68,33.82,-78.95
4556,-20.30,15.77,-78.22
4565,3.35,0.85,-74.97
4573,21.08,3.00,-62.28
4574,12.33,22.15,-52.45
4574,3.82,33.38,-50.63
4575,-0.92,18.71,-54.58
4576,-1.99,0.26,-48.41
4577,-3.45,-11.85,-37.39
4578,-0.06,-16.03,-24.66
4582,2.75,-14.83,-10.33
4583,3.26,-11.34,-0.62
4584,4.83,-9.88,4.89
4587,6.66,-10.82,8.87
4589,8.16,-13.88,13.75
4592,9.79,-16.69,20.09
4596,11.62,-17.08,26.50
4597,14.07,-15.10,33.12
4599,15.19,-11.54,37.36
4602,15.91,-8.76,40.09
4605,15.70,-7.95,41.59
4607,14.71,-8.21,42.25
4609,13.22,-8.28,42.42
4614,11.48,-7.45,41.76
4614,9.64,-6.16,40.26
4617,7.64,-5.10,37.79
4619,5.65,-4.79,34.35
4622,3.67,-4.86,30.67
4625,1.78,-4.89,26.87
4627,0.25,-4.53,23.12
4634,-0.97,-3.81,19.16
4634,-1.83,-3.13,15.25
4636,-2.48,-2.44,11.36
4637,-2.81,-1.66,7.56
4639,-2.86,-0.90,3.95
4642,-2.70,-0.13,0.51
4646,-2.37,0.62,-2.37
4648,-1.86,1.40,-4.97
4650,-1.39,2.14,-7.20
4652,-0.91,2.80,-9.16
4654,-0.44,3.27,-10.86
4657,-0.16,3.52,-12.06
4659,-0.00,3.68,-13.05
4670,0.01,3.75,-13.69
4672,-0.14,3.78,-14.06
4672,-0.47,3.70,-14.25
4673,-0.97,3.56,-14.18
4674,-1.73,3.26,-13.90
4675,-2.47,2.80,-13.52
4678,-3.23,2.28,-12.84
4683,-3.94,1.66,-11.87
4684,-4.53,1.01,-10.63
4684,-5.04,0.48,-9.35
4690,-5.46,-0.04,-8.12
4690,-5.70,-0.59,-7.01
4693,-5.76,-1.13,-5.81
4697,-5.76,-1.55,-4.54
4698,-5.51,-1.91,-3.48
4699,-5.09,-2.05,-2.47
4703,-4.71,-2.11,-1.54
4705,-4.08,-2.04,-0.71
4707,-3.39,-1.87,0.00
4710,-2.82,-1.54,0.67
4714,-2.37,-1.16,1.14
4714,-1.96,-0.78,1.47
4718,-1.78,-0.39,1.80
4720,-1.86,-0.05,1.90
4722,-1.92,0.30,1.87
4725,-2.20,0.81,1.77
4728,-2.66,1.29,1.64
4732,-3.27,1.78,1.34
4733,-4.02,2.20,0.90
4734,-5.01,2.57,0.44
4738,-5.94,2.87,-0.19
4740,-6.88,3.17,-0.60
4743,-7.77,3.43,-1.11
4744,-8.55,3.84,-1.69
4750,-9.34,4.21,-2.18
4751,-10.17,4.54,-2.75
4752,-10.77,4.76,-3.39
4755,-11.30,4.93,-4.06
4757,-11.78,5.08,-4.73
4759,-12.07,5.24,-5.42
4771,-12.23,5.41,-6.09
4773,-12.37,5.56,-6.67
4774,-12.38,5.57,-7.25
4775,-12.32,5.59,-7.76
4776,-12.37,5.52,-8.28
4776,-12.38,5.39,-8.67
4780,-12.31,5.13,-9.01
4781,-12.27,4.92,-9.31
4782,-12.16,4.72,-9.54
4786,-12.07,4.45,-9.59
4788,-12.06,4.12,-9.50
4791,-12.08,3.68,-9.14
4793,-12.13,3.05,-8.60
4797,-12.17,2.34,-7.90
4798,-12.16,1.53,-7.12
4799,-12.03,0.61,-6.25
4804,-11.94,-0.42,-5.35
4805,-11.80,-1.58,-4.43
4808,-11.45,-2.76,-3.58
4811,-10.99,-3.86,-2.66
4815,-10.44,-4.91,-1.85
4816,-9.69,-5.88,-1.15
4818,-8.81,-6.71,-0.54
4819,-7.89,-7.46,-0.10
4823,-6.82,-8.18,0.12
4826,-5.71,-8.74,0.22
4831,-4.54,-9.20,0.14
4832,-3.33,-9.60,-0.12
4833,-2.16,-9.96,-0.63
4835,-1.07,-10.12,-1.26
4838,0.04,-10.11,-1.98
4840,1.10,-10.01,-2.89
4843,1.97,-9.81,-3.90
4848,2.66,-9.58,-5.06
4849,3.14,-9.47,-6.34
4850,3.48,-9.51,-7.69
4854,3.65,-9.61,-9.10
4854,3.68,-9.76,-10.48
4858,3.65,-10.07,-11.81
4860,3.51,-10.48,-13.21
4869,3.33,-11.03,-14.62
4871,3.11,-11.57,-15.84
4873,2.94,-12.07,-17.02
4874,2.65,-12.50,-18.16
4875,2.37,-12.86,-19.18
4876,2.15,-13.15,-20.26
4880,1.97,-13.33,-21.16
4881,1.81,-13.44,-22.11
4883,1.67,-13.39,-23.07
4886,1.69,-13.27,-23.96
4888,1.67,-13.06,-24.72
4890,1.75,-12.86,-25.40
4893,1.89,-12.56,-25.94
4898,1.95,-12.40,-26.38
4898,2.01,-12.26,-26.73
4900,2.04,-12.13,-26.89
4903,2.02,-12.09,-27.07
4906,1.95,-12.11,-27.22
4908,1.87,-12.19,-27.23
4910,1.84,-12.34,-27.20
4914,1.94,-12.48,-27.01
4915,2.18,-12.66,-26.68
4918,2.46,-12.79,-26.23
4923,2.81,-12.87,-25.69
4923,3.19,-13.23,-25.19
4926,3.50,-13.85,-24.70
4930,3.73,-14.56,-24.31
4931,3.98,-15.30,-24.05
4934,4.37,-15.96,-23.97
4935,4.80,-16.61,-23.91
4938,5.39,-16.98,-23.95
4940,5.99,-17.09,-24.29
4943,6.57,-17.04,-24.85
4948,7.12,-16.92,-25.63
4949,7.54,-16.78,-26.92
4950,7.92,-16.64,-28.55
4953,8.37,-16.45,-30.56
4955,8.82,-16.06,-32.76
4958,9.18,-15.49,-35.09
4960,9.35,-14.70,-37.67
4970,10.03,-13.38,-40.34
4971,10.94,-13.18,-43.52
4972,11.08,-12.50,-46.55
4972,11.38,-11.26,-49.58
4973,11.39,-9.98,-52.69
4976,11.53,-8.74,-55.83
4980,11.59,-7.63,-58.75
4981,11.53,-6.61,-61.41
4983,11.32,-5.95,-63.96
4987,10.99,-5.42,-66.06
4988,10.65,-4.96,-67.85
4991,10.17,-4.45,-69.16
4994,9.50,-3.95,-69.97
4998,8.42,-3.66,-70.09
4999,7.08,-3.69,-69.67
5000,5.48,-4.04,-68.89
5005,3.82,-4.59,-67.68
5007,2.19,-5.24,-66.12
5009,0.66,-5.73,-64.39
5010,-0.88,-6.12,-62.32
5014,-2.26,-6.59,-59.93
5016,-3.34,-7.06,-57.25
5019,-4.35,-7.51,-54.30
5020,-5.35,-7.99,-51.21
5024,-6.19,-8.52,-47.91
5026,-7.02,-8.96,-44.54
5031,-7.77,-9.35,-41.17
5032,-8.40,-9.93,-37.70
5033,-8.96,-10.55,-34.29
5037,-9.42,-11.13,-30.93
5039,-9.68,-11.68,-27.14
5040,-9.96,-12.24,-23.31
5044,-10.73,-18.79,4.24
5048,20.37,-27.38,78.03
5049,-19.63,-44.71,-3.72
5050,-15.93,-63.14,-72.42
5055,-14.89,-1.65,-18.19
5055,-4.35,43.36,2.71
5065,-14.69,8.60,-63.51
5066,-1.32,11.74,-54.72
5066,3.62,37.42,-42.02
5067,-5.25,33.17,-54.77
5071,-4.30,6.09,-62.13
5072,-0.68,5.30,-54.83
5073,-0.18,3.98,-49.19
5076,2.55,2.31,-47.93
5080,3.07,5.85,-43.14
5081,3.12,3.97,-37.10
5083,2.16,-1.57,-31.12
5087,1.48,-5.91,-24.73
5089,0.61,-7.94,-18.93
5091,2.38,-10.94,-13.26
5094,2.95,-15.07,-6.67
5098,2.51,-16.17,0.85
5099,2.31,-14.92,7.29
5101,3.00,-13.48,12.86
5104,3.81,-12.18,17.71
5107,4.55,-11.45,22.29
5109,5.21,-10.81,26.29
5110,5.88,-9.65,29.62
5118,6.48,-8.03,32.01
5118,7.04,-6.38,33.35
5120,7.32,-5.14,33.87
5120,7.42,-4.13,33.56
5124,7.45,-3.32,32.78
5127,7.31,-2.56,31.42
5132,7.12,-1.79,29.59
5133,7.00,-1.20,27.35
5134,6.77,-0.97,24.73
5138,6.54,-0.84,21.97
5140,6.30,-0.63,19.07
5141,6.05,-0.37,16.18
5144,5.70,0.02,13.42
5148,5.32,0.31,10.81
5150,4.87,0.46,8.22
5150,4.29,0.57,5.77
5153,3.78,0.66,3.56
5156,3.36,0.75,1.58
5163,2.88,0.85,0.06
5164,2.49,0.94,-1.25
5164,2.13,1.02,-2.34
5168,1.75,1.00,-3.00
5169,1.35,0.95,-3.68
5172,0.96,0.77,-4.09
5174,0.46,0.55,-4.44
5176,-0.08,0.29,-4.62
5180,-0.46,0.03,-4.72
5181,-1.03,-0.26,-4.77
5185,-1.67,-0.52,-4.65
5187,-2.23,-0.76,-4.58
5190,-2.83,-1.06,-4.67
5192,-3.38,-1.45,-4.60
5194,-3.77,-1.87,-4.42
5199,-3.98,-2.17,-4.23
5200,-4.18,-2.45,-4.09
5201,-4.19,-2.79,-3.97
5205,-4.05,-3.08,-3.84
5207,-3.93,-3.33,-3.63
5210,-3.53,-3.53,-3.45
5215,-3.06,-3.76,-3.27
5215,-2.66,-3.88,-3.10
5216,-2.04,-3.95,-2.91
5221,-1.41,-4.04,-2.81
5222,-0.94,-4.10,-2.71
5225,-0.39,-4.10,-2.65
5227,0.13,-4.12,-2.63
5233,0.50,-4.24,-2.63
5234,0.94,-4.38,-2.62
5235,1.48,-4.49,-2.57
5237,1.80,-4.57,-2.66
5240,2.10,-4.64,-2.78
5242,2.45,-4.75,-2.88
5244,2.74,-4.91,-2.99
5249,3.03,-5.01,-3.16
5250,3.43,-5.00,-3.29
5251,3.83,-4.96,-3.46
5257,4.16,-4.91,-3.65
5260,4.47,-4.81,-3.80
5262,4.82,-4.74,-4.02
5263,5.07,-4.69,-4.17
5264,5.33,-4.69,-4.34
5269,5.54,-4.65,-4.50
5270,5.68,-4.66,-4.75
5271,5.82,-4.56,-4.90
5275,6.05,-4.53,-5.07
5276,6.08,-4.44,-5.29
5281,6.05,-4.45,-5.51
5282,6.01,-4.43,-5.71
5284,5.75,-4.39,-5.92
5286,5.35,-4.36,-6.22
5290,4.89,-4.34,-6.53
5292,4.45,-4.34,-6.82
5295,3.99,-4.38,-7.21
5298,3.70,-4.37,-7.58
5299,3.37,-4.34,-7.84
5302,3.06,-4.25,-8.15
5305,2.83,-4.18,-8.46
5307,2.71,-4.20,-8.85
5310,2.60,-4.17,-9.20
5314,2.62,-4.20,-9.47
5315,2.80,-4.17,-9.82
5316,2.95,-4.10,-10.14
5320,3.14,-4.02,-10.34
5322,3.47,-3.98,-10.59
5325,3.73,-3.94,-10.86
5328,4.08,-3.97,-11.12
5334,4.38,-4.01,-11.32
5334,4.63,-4.06,-11.57
5335,4.92,-4.08,-11.82
5338,5.28,-4.11,-12.07
5340,5.48,-4.09,-12.37
5342,5.72,-4.11,-12.52
5345,5.93,-4.10,-12.72
5349,6.10,-4.02,-12.80
5350,6.23,-3.97,-12.97
5351,6.39,-3.92,-13.09
5355,6.41,-3.87,-13.25
5357,6.34,-3.96,-13.39
5365,6.34,-4.00,-13.53
5365,6.21,-3.98,-13.66
5366,6.07,-4.04,-13.73
5367,5.87,-4.14,-13.79
5371,5.62,-4.22,-13.92
5372,5.27,-4.30,-13.96
5377,4.89,-4.39,-14.13
5377,4.61,-4.52,-14.32
5383,4.35,-4.68,-14.49
5384,4.10,-4.76,-14.62
5385,3.97,-4.77,-14.82
5387,3.84,-4.68,-15.04
5390,3.70,-4.59,-15.16
5392,3.51,-4.53,-15.32
5395,3.29,-4.48,-15.58
5398,3.12,-4.45,-15.74
5400,3.10,-4.40,-15.89
5402,2.97,-4.33,-16.10
5405,2.85,-4.20,-16.23
5407,2.81,-4.10,-16.39
5410,2.73,-4.05,-16.51
5414,2.66,-3.91,-16.61
5414,2.62,-3.83,-16.77
5416,2.57,-3.76,-16.80
5420,2.54,-3.64,-16.77
5421,2.52,-3.51,-16.76
5426,2.47,-3.46,-16.68
5427,2.40,-3.43,-16.55
5431,2.38,-3.43,-16.42
5432,2.27,-3.41,-16.29
5436,2.16,-3.47,-16.18
5437,2.08,-3.49,-16.08
5441,2.03,-3.47,-15.90
5441,1.96,-3.46,-15.68
5448,1.84,-3.44,-15.47
5449,1.71,-3.46,-15.33
5450,1.58,-3.45,-15.21
5452,1.47,-3.45,-15.07
5462,1.31,-3.54,-14.88
5462,1.12,-3.55,-14.72
5463,0.94,-3.57,-14.58
5463,0.82,-3.68,-14.41
5467,0.69,-3.77,-14.27
5468,0.57,-3.85,-14.15
5469,0.47,-3.91,-14.03
5472,0.40,-3.98,-13.93
5475,0.37,-4.03,-13.82
5481,0.31,-4.05,-13.69
5482,0.32,-4.09,-13.68
5483,0.30,-4.16,-13.54
5487,0.33,-4.22,-13.46
5488,0.29,-4.36,-13.30
5490,0.22,-4.42,-13.13
5492,0.09,-4.48,-12.89
5497,-0.06,-4.58,-12.67
5498,-0.20,-4.65,-12.40
5500,-0.37,-4.78,-12.18
5502,-0.51,-4.91,-12.02
5505,-0.62,-5.03,-11.84
5507,-0.71,-5.02,-11.64
5510,-0.79,-4.99,-11.45
5512,-0.86,-5.00,-11.34
5516,-0.96,-4.95,-11.12
5517,-1.12,-4.94,-10.85
5520,-1.18,-5.05,-10.67
5522,-1.26,-5.19,-10.43
5525,-1.32,-5.25,-10.32
5527,-1.33,-5.35,-10.21
5531,-1.26,-5.37,-10.02
5532,-1.20,-5.36,-9.87
5535,-1.08,-5.35,-9.84
5542,-0.95,-5.40,-9.87
5542,-0.86,-5.41,-9.79
5543,-0.76,-5.44,-9.85
5547,-0.66,-5.51,-10.00
5547,-0.62,-5.56,-10.10
5551,-0.48,-5.60,-10.19
5553,-0.32,-5.64,-10.31
5556,-0.24,-5.71,-10.46
5558,-0.11,-5.85,-10.56
5561,0.09,-5.91,-10.77
5564,0.27,-5.97,-11.02
5566,0.41,-6.00,-11.14
5569,0.59,-6.02,-11.26
5570,0.73,-6.07,-11.43
5573,0.93,-6.13,-11.54
5575,1.11,-6.24,-11.63
5578,1.25,-6.30,-11.76
5581,1.34,-6.46,-11.83
5582,1.46,-6.60,-11.88
5589,1.55,-6.75,-11.92
5590,1.65,-6.89,-11.89
5591,1.72,-6.97,-11.84
5593,1.75,-7.10,-11.83
5595,1.76,-7.29,-11.79
5599,1.72,-7.46,-11.65
5600,1.77,-7.58,-11.55
5603,1.74,-7.67,-11.49
5606,1.70,-7.74,-11.38
5607,1.66,-7.83,-11.23
5611,1.56,-7.88,-11.11
5614,1.50,-7.96,-11.02
5615,1.50,-7.99,-11.03
5618,1.41,-8.03,-10.93
5620,1.36,-8.03,-10.84
5623,1.37,-8.02,-10.82
5628,1.39,-7.98,-10.77
5631,1.40,-7.92,-10.70
5632,1.39,-7.89,-10.68
5632,1.37,-7.80,-10.61
5636,1.39,-7.70,-10.54
5638,1.46,-7.63,-10.50
5641,1.44,-7.49,-10.45
5643,1.43,-7.41,-10.42
5649,1.43,-7.33,-10.32
5649,1.44,-7.25,-10.24
5651,1.42,-7.11,-10.18
5653,1.32,-6.98,-10.13
5656,1.23,-6.90,-10.07
5658,1.08,-6.82,-9.98
5662,0.92,-6.77,-9.91
5666,0.74,-6.73,-9.92
5667,0.58,-6.74,-9.89
5669,0.43,-6.68,-9.90
5671,0.33,-6.56,-9.94
5673,0.24,-6.44,-9.97
5677,0.10,-6.32,-10.00
5677,-0.02,-6.20,-10.02
5681,-0.14,-6.08,-10.02
5682,-0.21,-5.97,-10.06
5687,-0.31,-5.85,-10.17
5689,-0.44,-5.77,-10.19
5691,-0.49,-5.69,-10.24
5693,-0.52,-5.61,-10.28
5701,-0.59,-5.47,-10.31
5701,-0.55,-5.38,-10.35
5703,-0.50,-5.20,-10.37
5704,-0.54,-5.12,-10.25
5707,-0.57,-5.02,-10.15
5709,-0.53,-4.95,-10.05
5714,-0.50,-4.93,-9.87
5714,-0.55,-4.84,-9.71
5718,-0.56,-4.80,-9.60
5719,-0.63,-4.72,-9.54
5722,-0.70,-4.65,-9.44
5724,-0.74,-4.60,-9.40
5726,-0.78,-4.46,-9.34
5728,-0.85,-4.28,-9.34
5732,-0.93,-4.08,-9.34
5733,-0.95,-3.95,-9.36
5736,-1.02,-3.81,-9.47
5738,-1.12,-3.60,-9.64
5741,-1.23,-3.39,-9.78
5743,-1.36,-3.20,-9.92
5747,-1.52,-3.13,-10.18
5749,-1.74,-3.03,-10.51
5751,-1.91,-2.96,-10.86
5754,-2.10,-2.81,-11.18
5757,-2.24,-2.71,-11.50
5759,-2.39,-2.54,-11.93
5761,-2.49,-2.38,-12.32
5765,-2.56,-2.24,-12.72
5766,-2.66,-2.18,-13.20
5769,-2.68,-2.18,-13.65
5772,-2.80,-2.21,-14.17
5774,-2.73,-2.18,-14.66
5776,-2.71,-2.11,-15.21
5778,-2.71,-2.35,-15.75
5786,-2.67,-2.44,-16.44
5787,-2.59,-2.40,-16.85
5788,-2.48,-2.04,-17.37
5789,-2.38,-1.78,-17.75
5791,-2.32,-1.75,-18.27
5798,-2.37,-1.83,-18.85
5799,-2.51,-1.83,-19.69
5799,-2.71,-1.73,-20.53
5802,-3.06,-1.57,-21.38
5803,-3.43,-1.47,-22.34
5806,-3.85,-1.35,-23.22
5810,-4.37,-1.21,-24.09
5812,-4.93,-1.18,-25.03
5815,-5.47,-1.22,-25.97
5816,-5.90,-1.34,-26.84
5818,-6.38,-1.42,-27.73
5824,-6.79,-1.45,-28.66
5824,-7.15,-1.56,-29.68
5827,-7.50,-1.70,-30.69
5831,-7.79,-2.06,-31.66
5832,-7.95,-2.55,-32.69
5833,-7.96,-3.03,-33.77
5837,-7.86,-3.42,-34.70
5838,-7.52,-3.70,-35.52
5842,-7.18,-3.88,-36.22
5844,-6.69,-4.24,-36.99
5849,-6.25,-4.93,-37.66
5849,-5.84,-5.87,-38.32
5851,-5.37,-6.90,-39.03
5854,-4.82,-7.87,-39.70
5857,-4.12,-8.66,-40.35
5858,-3.27,-9.37,-40.92
5862,-2.25,-9.89,-41.45
5868,-1.18,-10.41,-41.94
5870,-0.09,-10.87,-42.41
5871,1.05,-11.39,-42.88
5872,2.22,-11.89,-43.18
5874,3.32,-12.29,-43.36
5876,4.42,-12.54,-43.35
5881,5.53,-13.26,-43.22
5882,6.50,-13.98,-42.75
5886,7.34,-14.26,-42.03
5887,7.91,-14.49,-41.19
5889,8.35,-14.76,-40.17
5892,7.60,-14.09,-38.91
5894,9.09,-14.80,-37.57
5898,9.27,-17.29,-36.26
5899,8.56,-17.76,-34.27
5902,7.75,-17.51,-32.57
5903,7.28,-17.42,-30.50
5907,6.66,-17.40,-28.22
5909,5.87,-17.69,-25.85
5912,4.90,-18.00,-23.46
5916,3.84,-18.08,-20.96
5917,2.94,-17.87,-18.47
5919,1.69,-17.74,-15.70
5922,1.01,-17.39,-12.79
5924,0.13,-16.91,-10.20
5927,-0.61,-16.40,-7.56
5931,-1.23,-15.97,-4.93
5932,-1.81,-15.48,-2.37
5933,-2.37,-14.81,0.05
5938,-2.89,-14.25,2.62
5939,-3.46,-13.51,5.14
5942,-3.98,-12.58,7.49
5943,-49.32,-42.77,55.30
5949,-50.85,22.17,-33.62
5950,3.53,22.13,-78.95
5951,4.14,-35.50,66.63
5953,-8.77,-78.18,5.69
5957,35.00,-19.67,-55.57
5964,6.42,44.49,1.19
5965,-32.07,70.84,-10.49
5966,-21.06,11.66,-70.23
5967,13.90,7.65,-68.41
5971,4.97,18.26,-36.06
5972,18.45,19.55,-39.78
5975,32.83,29.47,-43.91
5977,26.01,36.01,-55.62
5981,17.03,25.33,-58.56
5982,7.73,4.35,-56.28
5983,0.76,-8.55,-46.07
5988,0.57,-15.14,-30.72
5989,-1.19,-18.15,-19.86
5993,-6.40,-17.37,-12.63
5994,-24.44,-10.56,31.84
5999,-21.46,-9.24,14.43
5999,-16.75,-29.02,-29.92
6002,-18.14,-24.97,10.14
6005,-15.25,-12.55,18.57
6008,-15.93,-6.24,20.06
6011,-14.33,-7.54,24.54
6012,-13.75,-12.25,23.56
6018,-11.55,-15.67,22.24
6020,-7.93,-16.50,25.14
6020,-3.92,-12.99,28.44
6023,0.27,-7.06,29.67
6024,3.90,-2.36,29.36
6028,6.16,-1.16,27.69
6032,7.73,-2.94,25.31
6034,8.86,-5.38,22.70
6035,10.24,-6.63,21.01
6040,11.79,-6.05,19.72
6040,13.23,-4.37,17.87
6043,14.16,-3.02,15.54
6046,14.23,-2.92,12.58
6052,13.52,-3.78,9.64
6052,12.22,-4.68,6.72
6054,10.71,-5.32,4.02
6059,9.05,-5.64,1.71
6061,7.27,-5.80,-0.62
6061,5.54,-5.93,-2.85
6063,3.71,-6.00,-5.15
6067,2.01,-5.86,-7.22
6068,0.50,-5.67,-9.09
6072,-0.86,-5.43,-10.64
6074,-1.92,-5.00,-11.83
6074,-2.81,-4.54,-12.86
6078,-3.39,-4.30,-13.66
6082,-3.75,-4.02,-14.34
6083,-3.78,-3.80,-14.86
6084,-3.53,-3.48,-15.13
6088,-3.02,-3.10,-15.20
6090,-2.13,-2.60,-15.04
6093,-1.04,-2.19,-14.93
6095,0.33,-1.87,-14.58
6100,1.67,-1.54,-14.16
6100,3.18,-1.31,-13.65
6104,4.69,-1.12,-12.97
6104,6.19,-0.85,-12.25
6108,7.76,-0.55,-11.35
6111,9.20,-0.11,-10.44
6115,10.51,0.35,-9.47
6116,11.77,0.78,-8.35
6118,12.83,1.03,-7.15
6120,13.67,1.15,-5.89
6122,14.35,1.15,-4.64
6124,14.89,1.04,-3.29
6127,15.29,0.93,-1.99
6135,15.49,0.63,-0.73
6136,15.49,0.29,0.30
6136,15.34,-0.18,1.21
6137,15.07,-0.75,1.94
6141,14.74,-1.43,2.31
6142,14.26,-2.31,2.55
6145,13.62,-3.21,2.60
6149,12.93,-4.12,2.22
6150,12.11,-5.03,1.54
6153,11.30,-5.94,0.44
6154,10.57,-6.86,-1.05
6158,9.99,-7.60,-2.86
6160,9.70,-8.15,-4.99
6166,9.78,-8.44,-7.39
6166,9.98,-8.42,-9.96
6168,10.42,-8.25,-12.73
6170,11.06,-7.95,-15.50
6173,11.67,-7.64,-18.24
6175,12.16,-7.12,-20.86
6178,12.67,-6.69,-23.29
6182,13.04,-6.31,-25.67
6183,13.39,-5.77,-27.82
6185,13.81,-5.25,-29.81
6189,14.18,-4.62,-31.54
6190,14.33,-3.90,-32.93
6192,14.23,-3.05,-33.92
6194,13.81,-2.34,-34.58
6198,12.95,-1.86,-35.07
6201,11.83,-1.49,-35.43
6210,10.31,-1.22,-35.81
6210,8.66,-1.00,-36.10
6211,6.99,-0.84,-36.39
6212,5.40,-0.64,-36.61
6212,3.86,-0.42,-36.76
6216,2.33,-0.15,-36.66
6218,0.89,0.02,-36.43
6220,-0.56,0.11,-36.03
6223,-1.87,-0.00,-35.55
6225,-3.04,-0.24,-35.11
6228,-3.94,-0.52,-34.77
6232,-4.65,-0.70,-34.60
6233,-5.12,-0.78,-34.52
6235,-5.46,-0.75,-34.36
6239,-5.79,-0.66,-34.13
6240,-6.13,-0.63,-33.89
6244,-6.51,-0.71,-33.71
6244,-6.97,-0.84,-33.38
6250,-7.48,-0.98,-33.07
6250,-7.93,-1.06,-32.72
6254,-8.36,-1.08,-32.39
6255,-8.82,-1.07,-31.90
6258,-53.15,-35.10,34.88
6261,-16.84,18.06,29.88
6267,18.50,14.51,-66.45
6268,-9.60,-9.61,-5.49
6269,-3.02,-29.01,-45.16
6271,6.08,-3.58,-62.51
6273,2.86,30.77,-77.42
6275,-13.61,18.97,-78.95
6278,-4.02,-8.63,-9.91
6282,8.22,-19.87,52.87
6283,-0.41,0.79,-73.56
6285,-7.99,2.31,-43.83
6288,-7.45,-8.00,-29.44
6292,-4.85,-0.20,-55.45
6292,-3.62,6.25,-43.21
6295,-4.00,-3.28,-10.70
6299,-4.14,-7.24,-29.06
6300,-5.69,-7.61,-43.09
6303,-6.15,-7.40,-41.74
6306,-5.31,-5.90,-43.05
6309,-4.35,-5.03,-39.84
6311,-3.82,-6.65,-33.38
6315,-3.73,-8.59,-32.27
6315,-3.77,-9.01,-36.48
6318,-3.99,-9.40,-42.29
6321,-3.87,-9.11,-44.38
6323,-3.77,-9.42,-41.85
6326,-3.41,-11.18,-35.83
6329,-3.04,-12.56,-32.06
6333,-2.60,-13.32,-27.95
6333,-2.36,-13.32,-22.50
6335,-2.33,-13.06,-17.74
6339,-2.43,-13.09,-13.48
6340,-2.61,-12.74,-10.06
6344,-2.69,-13.13,-6.36
6345,-3.47,-13.68,-2.46
6350,-3.77,-13.41,1.57
6351,-3.87,-12.37,6.05
6354,-4.10,-10.59,8.45
6355,-4.11,-8.95,9.65
6358,-4.07,-7.59,10.58
6360,-3.91,-6.44,11.43
6369,-3.66,-5.12,12.41
6372,-3.65,-3.85,12.74
6378,-3.52,-2.79,12.96
6379,-3.42,-1.67,12.74
6379,-3.18,-0.64,12.14
6380,-2.98,0.30,11.28
6381,-2.86,1.02,10.15
6381,-2.80,1.43,9.07
6385,-2.64,1.96,7.65
6387,-2.42,2.46,6.20
6388,-2.30,2.95,4.69
6391,-2.14,3.27,3.06
6394,-2.03,3.57,1.65
6396,-2.03,3.78,0.32
6398,-2.00,3.88,-0.57
6400,-2.08,4.01,-1.35
6403,-2.13,4.09,-1.70
6406,-2.14,4.27,-1.46
6409,-2.07,4.42,-0.86
6411,-1.93,4.60,0.18
6415,-1.65,4.94,1.39
6416,-1.13,5.19,3.22
6419,-0.70,5.41,5.31
6421,-0.25,5.46,7.55
6424,0.25,5.56,9.80
6427,0.57,5.87,11.78
6428,0.89,6.10,13.72
6430,1.23,6.32,15.39
6434,1.46,6.22,17.00
6435,1.48,6.12,18.32
6439,1.54,6.14,19.33
6440,1.52,6.14,20.27
6444,1.38,6.03,21.03
6446,1.23,5.81,21.69
6451,0.95,5.57,22.09
6458,0.64,5.21,22.28
6459,0.30,4.82,22.28
6460,-0.13,4.39,22.08
6460,-0.66,3.85,21.74
6461,-1.30,3.17,21.12
6465,-2.05,2.38,20.42
6466,-3.04,1.67,19.16
6469,-3.92,1.11,17.30
6472,-4.76,0.72,15.24
6473,-5.50,0.32,13.09
6477,-6.12,-0.21,11.23
6480,-6.53,-0.68,9.56
6483,-6.81,-1.14,8.19
6485,-6.85,-1.48,7.02
6485,-6.57,-1.60,5.77
6490,-6.05,-1.57,4.68
6493,-5.53,-1.43,3.67
6494,-4.75,-1.27,2.83
6498,-3.90,-1.20,2.28
6500,-2.94,-1.12,2.13
6501,-1.82,-0.94,2.30
6504,-0.71,-0.67,2.54
6505,0.37,-0.33,2.86
6509,1.14,-0.11,3.11
6512,1.52,-0.09,3.18
6516,1.51,-0.30,2.84
6517,1.20,-0.62,2.18
6519,0.74,-1.07,1.19
6521,0.22,-1.65,-0.25
6530,-0.37,-2.34,-1.87
6531,-0.95,-3.05,-3.74
6532,-1.40,-3.70,-5.59
6533,-1.78,-4.78,-7.44
6534,-2.11,-5.79,-9.46
6538,-2.22,-6.62,-11.71
6539,-2.04,-7.40,-13.97
6542,-1.67,-8.12,-16.06
6544,-1.09,-8.75,-18.07
6546,-0.24,-9.22,-20.10
6550,0.71,-9.64,-21.94
6552,1.69,-10.12,-23.83
6554,2.73,-10.49,-25.84
6557,3.71,-10.80,-27.65
6560,4.68,-11.15,-29.33
6560,5.65,-11.45,-30.75
6566,6.50,-11.64,-31.82
6567,7.14,-11.69,-32.56
6569,7.63,-11.76,-33.24
6573,7.85,-11.74,-33.64
6574,7.86,-11.72,-33.90
6577,7.63,-11.87,-34.15
6584,7.00,-12.02,-34.11
6585,6.14,-12.29,-34.09
6586,4.98,-12.53,-34.11
6587,3.59,-12.78,-34.13
6590,2.16,-13.04,-34.09
6592,0.77,-13.26,-33.92
6594,-0.55,-13.44,-33.50
6599,-1.67,-13.86,-32.85
6600,-2.53,-14.31,-32.22
6602,-3.25,-14.61,-31.47
6605,-3.73,-14.83,-30.37
6606,-3.87,-14.94,-29.10
6612,-3.89,-15.03,-27.76
6614,-3.83,-15.13,-26.40
6618,-3.59,-15.23,-25.11
6619,-3.39,-15.49,-23.87
6620,-3.14,-15.71,-22.62
6621,-2.88,-15.97,-21.53
6625,-2.58,-16.14,-20.49
6627,-2.24,-16.30,-19.56
6630,-1.86,-16.32,-18.64
6633,-1.51,-16.26,-17.86
6634,-1.23,-16.11,-17.14
6637,-0.88,-15.83,-16.55
6640,-0.58,-15.57,-16.10
6641,-0.39,-15.28,-15.78
6645,-0.17,-15.00,-15.57
6649,-0.08,-14.70,-15.39
6650,-0.04,-14.32,-15.31
6652,-0.09,-13.89,-15.34
6655,-0.14,-13.45,-15.51
6656,-0.24,-13.07,-15.64
6661,-0.46,-12.74,-15.72
6662,-0.62,-12.49,-15.91
6666,-0.82,-12.20,-16.10
6667,-1.05,-11.91,-16.24
6670,-1.22,-11.58,-16.44
6672,-1.37,-11.19,-16.67
6674,-1.56,-10.81,-16.78
6676,-1.69,-10.41,-16.93
6683,-1.82,-10.05,-17.07
6684,-1.91,-9.72,-17.10
6685,-2.02,-9.44,-17.04
6688,-2.13,-9.12,-17.00
6696,-2.24,-8.89,-16.85
6697,-2.29,-8.65,-16.60
6698,-2.38,-8.43,-16.31
6702,-2.54,-8.23,-15.95
6703,-2.59,-8.06,-15.54
6704,-2.64,-7.96,-15.07
6705,-2.74,-7.70,-14.61
6709,-2.86,-7.52,-14.17
6710,-2.91,-7.41,-13.65
6713,-3.11,-7.20,-13.19
6716,-3.24,-7.01,-12.72
6717,-3.35,-6.90,-12.23
6720,-3.55,-6.84,-11.82
6722,-3.64,-6.76,-11.41
6725,-3.70,-6.63,-10.91
6727,-3.75,-6.54,-10.38
6730,-3.77,-6.32,-9.86
6733,-3.73,-6.06,-9.25
6734,-3.71,-5.85,-8.64
6737,-3.67,-5.61,-8.16
6740,-3.58,-5.45,-7.55
6742,-3.49,-5.20,-7.08
6745,-3.43,-4.96,-6.61
6748,-3.29,-4.73,-6.21
6750,-3.23,-4.47,-5.85
6752,-3.11,-4.18,-5.53
6755,-2.92,-3.97,-5.16
6757,-2.80,-3.74,-4.86
6760,-2.66,-3.53,-4.64
6761,-2.53,-3.25,-4.45
6766,-2.43,-3.04,-4.32
6768,-2.26,-2.77,-4.22
6773,-2.15,-2.52,-4.14
6774,-2.02,-2.31,-4.11
6775,-1.98,-2.10,-4.14
6777,-1.95,-1.95,-4.24
6780,-1.89,-1.79,-4.49
6784,-1.93,-1.64,-4.74
6785,-2.00,-1.46,-5.07
6787,-2.03,-1.33,-5.49
6791,-2.01,-1.24,-5.81
6793,-2.01,-1.14,-6.19
6795,-1.96,-1.01,-6.62
6800,-1.94,-0.90,-6.99
6801,-2.01,-0.85,-7.31
6802,-1.97,-0.74,-7.70
6806,-1.96,-0.68,-7.96
6806,-1.94,-0.63,-8.26
6811,-1.98,-0.56,-8.64
6812,-1.98,-0.49,-8.98
6816,-1.96,-0.50,-9.26
6817,-1.97,-0.48,-9.56
6821,-2.01,-0.45,-9.89
6823,-2.01,-0.36,-10.07
6825,-2.01,-0.35,-10.28
6828,-2.02,-0.28,-10.45
6829,-2.03,-0.32,-10.61
6834,-2.02,-0.30,-10.64
6835,-2.02,-0.28,-10.70
6837,-2.00,-0.33,-10.68
6840,-2.03,-0.33,-10.59
6842,-2.03,-0.32,-10.58
6849,-2.01,-0.32,-10.48
6850,-1.98,-0.29,-10.42
6851,-1.95,-0.29,-10.23
6855,-1.96,-0.29,-10.13
6856,-1.92,-0.33,-9.97
6857,-1.92,-0.34,-9.77
6861,-1.92,-0.37,-9.61
6862,-1.90,-0.40,-9.58
6868,-1.88,-0.42,-9.40
6868,-1.82,-0.40,-9.20
6870,-1.74,-0.40,-9.04
6874,-1.63,-0.34,-8.91
6875,-1.57,-0.28,-8.66
6878,-1.45,-0.28,-8.46
6881,-1.37,-0.26,-8.30
6885,-1.32,-0.24,-8.07
6886,-1.18,-0.27,-7.87
6887,-1.07,-0.22,-7.71
6891,-0.91,-0.23,-7.61
6892,-0.85,-0.21,-7.45
6896,-0.78,-0.20,-7.37
6900,-0.61,-0.15,-7.40
6902,-0.52,-0.06,-7.37
6902,-0.53,-0.00,-7.33
6906,-0.44,-0.02,-7.35
6907,-0.42,0.01,-7.49
6910,-0.46,0.07,-7.62
6916,-0.52,0.12,-7.79
6918,-0.56,0.08,-7.99
6919,-0.53,0.08,-8.19
6927,-0.45,0.13,-8.42
6927,-0.45,0.15,-8.60
6928,-0.39,0.12,-8.74
6929,-0.29,0.10,-8.88
6930,-0.18,0.13,-8.97
6934,-0.02,0.25,-9.06
6935,0.08,0.45,-9.10
6938,0.15,0.53,-9.23
6941,0.23,0.64,-9.30
6943,0.23,0.65,-9.29
6946,0.25,0.68,-9.30
6949,0.24,0.63,-9.31
6951,0.26,0.57,-9.24
6954,0.28,0.52,-9.24
6955,0.28,0.47,-9.20
6958,0.26,0.42,-9.17
6961,0.21,0.39,-9.12
6963,0.18,0.37,-9.04
6967,0.24,0.31,-8.96
6968,0.17,0.28,-8.93
6971,0.08,0.20,-8.97
6973,-0.01,0.17,-9.02
6975,-0.08,0.13,-9.11
6977,-0.21,0.09,-9.25
6983,-0.32,0.01,-9.36
6984,-0.43,-0.11,-9.51
6986,-0.49,-0.22,-9.64
6987,-0.53,-0.28,-9.73
6997,-0.56,-0.21,-9.86
6998,-0.57,-0.25,-10.03
6999,-0.51,-0.30,-10.15
7000,-0.43,-0.32,-10.25
7004,-0.33,-0.40,-10.34
7004,-0.22,-0.38,-10.48
7005,-0.14,-0.33,-10.65
7008,-0.14,-0.36,-10.76
7012,-0.07,-0.42,-10.94
7015,0.00,-0.49,-11.13
7015,0.00,-0.56,-11.32
7017,0.07,-0.69,-11.48
7021,0.06,-0.80,-11.71
7023,0.10,-0.86,-11.88
7026,0.15,-0.88,-11.99
7029,0.11,-0.94,-12.14
7033,0.07,-1.06,-12.23
7033,0.02,-1.11,-12.37
7036,-0.06,-1.10,-12.55
7039,-0.19,-1.13,-12.74
7041,-0.32,-1.19,-12.97
7043,-0.41,-1.28,-13.13
7046,-0.56,-1.33,-13.32
7050,-0.71,-1.42,-13.48
7053,-0.88,-1.46,-13.60
7054,-1.09,-1.56,-13.75
7055,-1.27,-1.62,-13.92
7061,-1.46,-1.73,-14.07
7063,-1.63,-1.81,-14.27
7063,-1.82,-1.89,-14.48
7066,-1.92,-1.95,-14.62
7070,-2.06,-2.10,-14.68
7071,-2.15,-2.23,-14.76
7074,-2.18,-2.37,-14.78
7076,-2.33,-2.73,-14.71
7078,-2.35,-2.94,-14.70
7082,-2.28,-2.65,-14.62
7083,-1.99,-2.36,-14.40
7086,-1.76,-2.16,-14.43
7088,-1.50,-1.96,-14.43
7091,-1.26,-1.90,-14.45
7094,-1.05,-1.87,-14.41
7096,-0.86,-1.97,-14.27
7100,-0.74,-2.07,-14.04
7101,-0.62,-2.18,-13.76
7103,-0.51,-2.33,-13.49
7106,-0.43,-2.43,-13.35
7109,-0.30,-2.44,-13.18
7112,-0.13,-2.42,-13.01
7120,0.09,-2.40,-12.89
7122,0.26,-2.33,-12.77
7123,0.44,-2.23,-12.72
7124,0.50,-2.14,-12.69
7125,0.57,-2.01,-12.78
7126,0.59,-1.95,-12.85
7129,0.55,-1.97,-12.89
7137,0.51,-2.03,-12.95
7137,0.47,-2.14,-13.05
7138,0.37,-2.21,-13.07
7139,0.28,-2.27,-13.13
7143,0.27,-2.29,-13.20
7144,0.21,-2.23,-13.28
7146,0.12,-2.21,-13.32
7150,0.11,-2.16,-13.37
7151,0.10,-2.07,-13.39
7154,0.08,-2.06,-13.39
7156,0.05,-2.05,-13.40
7160,0.02,-1.99,-13.42
7162,-0.01,-2.01,-13.25
7166,0.03,-2.04,-13.16
7166,0.04,-2.05,-13.01
7169,0.11,-2.03,-12.91
7171,0.19,-2.06,-12.75
7174,0.31,-2.07,-12.54
7177,0.41,-2.04,-12.32
7180,0.55,-1.90,-12.14
7181,0.65,-1.74,-11.91
7186,0.68,-1.63,-11.79
7187,0.72,-1.47,-11.62
7188,0.73,-1.39,-11.51
7191,0.67,-1.36,-11.38
7194,0.61,-1.41,-11.20
7197,0.57,-1.57,-10.96
7204,0.50,-1.68,-10.76
7204,0.52,-1.58,-10.50
7205,0.54,-1.45,-10.26
7208,0.57,-1.47,-9.97
7209,0.55,-1.55,-9.63
7212,0.59,-1.63,-9.21
7213,0.55,-1.58,-8.87
7217,0.50,-1.41,-8.68
7219,0.53,-1.15,-8.39
7222,0.52,-1.04,-8.23
7223,0.53,-0.95,-7.84
7227,0.51,-0.82,-7.50
7229,0.50,-0.55,-7.25
7234,0.55,-0.89,-6.98
7235,0.53,-1.21,-6.67
7238,0.55,-1.46,-6.42
7239,0.62,-1.60,-6.25
7242,0.87,-1.82,-6.01
7243,0.74,-1.59,-5.73
7247,0.74,-1.36,-5.24
7251,0.91,-1.13,-4.86
7253,1.10,-1.55,-4.82
7255,1.01,-0.60,-4.64
7257,1.03,0.13,-4.23
7258,1.07,0.13,-4.13
7262,1.09,-0.10,-4.09
7266,1.03,-0.35,-3.75
7279,1.00,-0.21,-3.57
7280,0.89,1.15,-3.60
7281,0.77,1.23,-3.37
7282,0.72,-0.21,-3.53
7283,0.53,-1.01,-4.15
7284,0.39,-1.60,-3.97
7285,0.29,-1.89,-3.93
7285,0.29,-1.80,-4.08
7286,0.35,-1.70,-3.80
7290,0.38,-1.51,-3.49
7293,0.29,-0.53,-3.75
7295,0.28,0.09,-3.79
7297,0.28,-0.01,-3.57
7301,0.27,-0.52,-3.52
7302,0.30,-2.07,-3.94
7304,0.38,-2.04,-3.69
7307,0.18,-1.13,-3.83
7309,0.21,-0.39,-4.08
7312,0.24,0.17,-3.77
7316,0.22,0.55,-3.52
7317,0.16,0.83,-3.74
7319,0.09,0.65,-3.94
7322,0.01,0.16,-3.83
7324,-0.08,-0.28,-4.02
7326,-0.21,-0.59,-4.39
7329,-0.33,-0.86,-4.50
7339,-0.41,-0.95,-4.65
7339,-0.52,-0.80,-4.91
7340,-0.59,-0.66,-5.09
7340,-0.67,-0.69,-5.30
7342,-0.76,-0.91,-5.48
7344,-0.86,-1.13,-5.58
7349,-0.89,-1.39,-5.62
7350,-0.89,-1.53,-5.70
7353,-0.94,-1.57,-6.03
7355,-1.07,-1.56,-6.51
7358,-1.16,-1.59,-6.83
7359,-1.07,-1.57,-7.47
7362,-1.00,-1.77,-8.16
7366,-1.32,-1.85,-8.69
7367,-1.57,-1.92,-8.69
7370,-1.78,-2.07,-8.82
7373,-2.03,-2.16,-9.24
7375,-2.33,-2.28,-9.69
7377,-2.58,-2.42,-10.15
7380,-2.90,-2.54,-10.67
7384,-3.21,-2.50,-11.22
7385,-3.42,-2.48,-11.74
7387,-3.64,-2.49,-12.04
7389,-3.82,-2.41,-12.44
7392,-4.00,-2.40,-12.79
7400,-4.07,-2.49,-13.02
7404,-4.11,-2.52,-13.28
7405,-4.00,-2.57,-13.50
7405,-3.89,-2.54,-13.64
7406,-3.71,-2.40,-13.72
7407,-3.45,-2.28,-13.78
7409,-3.22,-2.15,-13.78
7413,-2.91,-1.96,-13.81
7416,-2.62,-1.88,-13.81
7419,-2.26,-1.76,-13.79
7421,-1.97,-1.69,-13.70
7422,-1.71,-1.71,-13.59
7425,-1.51,-1.71,-13.53
7428,-1.27,-1.76,-13.39
7430,-1.01,-1.71,-13.25
7434,-0.80,-1.64,-13.12
7435,-0.61,-1.50,-12.95
7438,-0.48,-1.46,-12.72
7440,-0.34,-1.43,-12.60
7443,-0.29,-1.30,-12.50
7444,-0.26,-1.01,-12.38
7449,-0.24,-0.82,-12.36
7451,-0.34,-0.79,-12.32
7452,-0.46,-0.88,-12.28
7455,-0.47,-1.05,-12.26
7457,-0.58,-1.21,-12.25
7459,-0.66,-1.30,-12.21
7465,-0.71,-1.35,-12.21
7466,-0.75,-1.42,-12.20
7469,-0.77,-1.39,-12.19
7470,-0.72,-1.20,-12.14
7472,-0.65,-1.09,-12.03
7476,-0.52,-0.96,-11.99
7478,-0.47,-0.80,-11.85
7480,-0.39,-0.73,-11.80
7484,-0.32,-0.78,-11.68
7485,-0.33,-0.83,-11.57
7487,-0.25,-0.78,-11.44
7490,-0.25,-0.71,-11.33
7493,-0.20,-0.67,-11.23
7495,-0.14,-0.68,-11.08
7500,-0.12,-0.61,-11.06
7501,-0.00,-0.56,-11.06
7503,0.06,-0.55,-11.09
7505,0.11,-0.52,-11.10
7508,0.18,-0.42,-11.16
7510,0.20,-0.38,-11.18
7512,0.22,-0.37,-11.25
7516,0.26,-0.46,-11.32
7517,0.30,-0.55,-11.37
7519,0.30,-0.49,-11.49
7523,0.31,-0.39,-11.48
7525,0.32,-0.44,-11.48
7533,0.34,-0.54,-11.53
7534,0.35,-0.54,-11.59
7535,0.34,-0.50,-11.61
7536,0.34,-0.53,-11.64
7539,0.32,-0.53,-11.69
7539,0.29,-0.61,-11.73
7543,0.38,-0.82,-11.76
7544,0.42,-0.78,-11.78
7549,0.44,-0.66,-11.76
7550,0.56,-0.79,-11.76
7553,0.60,-0.68,-11.77
7556,0.55,-0.51,-11.78
7558,0.53,-0.80,-11.82
7560,0.48,-0.82,-11.98
7564,0.47,-0.92,-12.01
7565,0.38,-0.67,-11.97
7570,0.28,-0.34,-11.88
7571,0.23,-0.47,-11.86
7574,0.28,-0.89,-12.08
7575,0.35,-1.33,-12.21
7578,0.37,-1.54,-12.13
7583,0.28,-1.43,-11.99
7585,0.18,-1.23,-11.93
7585,0.09,-1.15,-11.88
7587,0.03,-1.13,-11.85
7590,0.06,-0.96,-11.70
7594,0.06,-1.01,-11.48
7595,0.02,-1.00,-11.50
7601,0.10,-1.12,-11.56
7601,0.15,-1.43,-11.52
7604,0.21,-1.50,-11.51
7605,0.32,-1.46,-11.39
7608,0.34,-1.39,-11.32
7611,0.44,-1.25,-11.33
7613,0.54,-0.91,-11.25
7617,0.57,-0.84,-11.14
7618,0.67,-0.91,-11.02
7620,0.83,-1.09,-10.99
7623,0.90,-1.18,-10.91
7624,0.96,-1.19,-10.87
7629,1.00,-1.14,-10.79
7633,1.02,-1.09,-10.66
7634,1.01,-1.05,-10.62
7635,0.98,-0.91,-10.60
7638,0.83,-0.78,-10.52
7639,0.79,-0.83,-10.49
7644,0.79,-0.91,-10.37
7645,0.77,-0.96,-10.22
7653,0.80,-1.00,-10.17
7655,0.84,-0.90,-10.05
7656,0.83,-1.03,-10.04
7656,0.83,-1.04,-9.89
7658,0.81,-0.98,-9.70
7665,0.79,-0.97,-9.56
7665,0.78,-0.89,-9.41
7666,0.78,-0.84,-9.20
7670,0.78,-0.88,-9.04
7671,0.83,-0.90,-8.78
7674,0.88,-0.92,-8.66
7676,0.97,-0.87,-8.53
7677,0.98,-0.89,-8.43
7680,0.98,-0.90,-8.27
7684,1.01,-0.96,-8.22
7685,1.03,-0.94,-8.20
7689,0.98,-0.98,-8.15
7690,0.94,-0.98,-8.13
7694,0.89,-0.98,-8.19
7696,0.87,-1.05,-8.21
7700,0.84,-1.02,-8.23
7701,0.83,-1.02,-8.26
7704,0.81,-1.07,-8.24
7706,0.74,-1.14,-8.29
7709,0.72,-1.12,-8.22
7710,0.68,-1.11,-8.27
7714,0.60,-1.16,-8.25
7719,0.55,-1.20,-8.16
7721,0.50,-1.20,-8.13
7721,0.50,-1.23,-8.08
7723,0.46,-1.24,-8.04
7730,0.48,-1.21,-7.92
7731,0.43,-1.20,-7.80
7732,0.39,-1.22,-7.66
7733,0.43,-1.27,-7.55
7736,0.42,-1.26,-7.41
7740,0.46,-1.31,-7.27
7742,0.42,-1.29,-7.09
7744,0.46,-1.28,-6.86
7746,0.57,-1.28,-6.69
7749,0.62,-1.27,-6.53
7750,0.70,-1.23,-6.28
7754,0.72,-1.26,-6.03
7757,0.79,-1.29,-5.88
7759,0.87,-1.33,-5.79
7760,0.87,-1.34,-5.73
7764,0.94,-1.32,-5.65
7767,1.02,-1.39,-5.69
7769,0.99,-1.34,-5.69
7771,1.04,-1.37,-5.76
7774,1.09,-1.31,-5.83
7776,1.10,-1.27,-5.96
7779,1.08,-1.28,-6.10
7783,1.12,-1.28,-6.19
7785,1.00,-1.36,-6.27
7786,0.99,-1.44,-6.37
7789,0.99,-1.40,-6.51
7791,0.89,-1.47,-6.75
7798,0.84,-1.57,-6.91
7798,0.82,-1.56,-7.08
7799,0.77,-1.56,-7.35
7803,0.74,-1.52,-7.50
7804,0.68,-1.54,-7.70
7805,0.60,-1.54,-7.93
7810,0.55,-1.52,-8.04
7810,0.47,-1.54,-8.21
7817,0.39,-1.53,-8.43
7818,0.29,-1.57,-8.59
7819,0.23,-1.60,-8.75
7822,0.14,-1.63,-8.94
7823,0.05,-1.62,-9.12
7826,0.05,-1.62,-9.34
7829,0.06,-1.69,-9.49
7832,0.06,-1.66,-9.56
7833,0.10,-1.61,-9.54
7836,0.14,-1.59,-9.59
7839,0.14,-1.54,-9.60
7840,0.17,-1.53,-9.51
7844,0.21,-1.53,-9.47
7845,0.25,-1.48,-9.38
7849,0.30,-1.52,-9.29
7851,0.36,-1.54,-9.18
7854,0.38,-1.50,-9.06
7856,0.46,-1.49,-8.90
7859,0.55,-1.55,-8.78
7866,0.58,-1.53,-8.65
7866,0.57,-1.53,-8.68
7868,0.50,-1.48,-8.78
7869,0.46,-1.54,-8.90
7873,0.37,-1.56,-9.07
7874,0.30,-1.66,-9.27
7878,0.19,-1.64,-9.44
7879,0.12,-1.67,-9.53
7883,0.09,-1.80,-9.61
7884,0.06,-1.83,-9.69
7886,0.05,-1.87,-9.84
7890,-0.01,-1.91,-9.99
7891,-0.07,-1.96,-10.10
7895,-0.06,-2.02,-10.30
7896,-0.04,-2.13,-10.51
7901,0.04,-2.23,-10.66
7902,0.12,-2.25,-10.86
7904,0.27,-2.28,-11.03
7907,0.43,-2.24,-11.09
7909,0.55,-2.21,-11.22
7911,0.75,-2.13,-11.19
7917,0.95,-2.12,-11.17
7918,1.12,-2.14,-11.15
7920,1.31,-2.13,-11.12
7921,1.52,-2.13,-11.06
7924,1.63,-2.11,-10.99
7926,1.72,-2.07,-10.84
7935,1.93,-2.08,-10.76
7936,2.11,-2.03,-10.59
7937,2.15,-2.01,-10.36
7938,2.21,-1.98,-10.18
7942,2.25,-2.05,-9.91
7943,2.29,-2.12,-9.68
7944,2.37,-2.10,-9.47
7946,2.37,-2.24,-9.20
7951,2.29,-2.27,-9.05
7951,2.19,-2.31,-8.94
7954,2.01,-2.37,-8.87
7958,1.76,-2.44,-8.96
7960,1.50,-2.57,-9.10
7961,1.25,-2.69,-9.35
7964,0.89,-2.82,-9.51
7968,0.60,-2.94,-9.67
7969,0.25,-3.10,-9.85
7972,0.04,-3.20,-10.04
7975,-0.25,-3.22,-10.24
7977,-0.47,-3.34,-10.38
7980,-0.64,-3.46,-10.54
7984,-0.79,-3.53,-10.67
7985,-0.94,-3.58,-10.81
7986,-1.04,-3.65,-10.98
7990,-1.11,-3.67,-11.06
7992,-1.13,-3.75,-11.19
7998,-1.08,-3.70,-11.22
7999,-1.06,-3.75,-11.26
8000,-1.00,-3.82,-11.33
8002,-0.88,-3.76,-11.36
8004,-0.74,-3.74,-11.32
8007,-0.63,-3.72,-11.26
8009,-0.47,-3.72,-11.18
8012,-0.26,-3.67,-11.11
8017,-0.12,-3.65,-10.94
8018,0.03,-3.67,-10.79
8020,0.21,-3.60,-10.62
8022,0.33,-3.58,-10.45
8025,0.46,-3.58,-10.29
8026,0.59,-3.54,-10.15
8030,0.65,-3.58,-10.05
8034,0.70,-3.55,-9.99
8035,0.78,-3.50,-9.90
8037,0.81,-3.48,-9.81
8039,0.76,-3.46,-9.78
8042,0.76,-3.48,-9.79
8044,0.65,-3.45,-9.83
8047,0.50,-3.53,-9.92
8056,0.41,-3.61,-9.99
8057,0.25,-3.74,-10.05
8058,0.17,-3.79,-10.21
8059,0.11,-3.83,-10.34
8060,0.07,-3.75,-10.60
8062,-0.05,-3.72,-10.62
8067,-0.16,-3.72,-10.81
8068,-0.22,-3.67,-10.95
8069,-0.37,-3.73,-11.08
8072,-0.55,-3.77,-11.08
8075,-0.62,-3.86,-11.21
8077,-0.70,-3.85,-11.31
8080,-0.86,-3.85,-11.42
8084,-0.89,-3.83,-11.54
8085,-0.97,-3.86,-11.64
8088,-1.06,-3.87,-11.67
8090,-1.12,-3.90,-11.65
8091,-1.14,-3.84,-11.70
8095,-1.12,-3.81,-11.71
8097,-1.08,-3.64,-11.59
8102,-1.00,-3.55,-11.56
8102,-0.98,-3.58,-11.55
8105,-0.95,-3.58,-11.46
8108,-0.95,-3.61,-11.44
8112,-0.91,-3.58,-11.43
8113,-0.95,-3.57,-11.41
8116,-0.98,-3.62,-11.51
8117,-0.89,-3.65,-11.53
8120,-0.81,-3.59,-11.59
8122,-0.71,-3.51,-11.67
8125,-0.65,-3.51,-11.79
8127,-0.55,-3.54,-11.85
8130,-0.50,-3.49,-11.96
8134,-0.48,-3.55,-12.01
8135,-0.37,-3.52,-12.20
8138,-0.32,-3.51,-12.38
8140,-0.26,-3.47,-12.51
8142,-0.23,-3.38,-12.65
8145,-0.14,-3.35,-12.84
8147,-0.11,-3.31,-12.92
8152,-0.08,-3.24,-13.10
8152,-0.02,-3.16,-13.17
8155,0.04,-3.08,-13.24
8158,0.05,-3.01,-13.25
8159,-0.04,-2.93,-13.27
8162,-0.07,-2.90,-13.30
8167,-0.11,-2.89,-13.38
8173,-0.23,-2.90,-13.28
8174,-0.41,-2.91,-13.20
8174,-0.54,-2.93,-13.18
8175,-0.70,-2.89,-13.14
8177,-0.83,-2.97,-13.11
8180,-0.98,-2.96,-13.00
8184,-1.12,-2.96,-12.93
8185,-1.26,-2.99,-12.84
8187,-1.35,-3.04,-12.79
8190,-1.47,-3.12,-12.73
8192,-1.52,-3.14,-12.68
8195,-1.57,-3.14,-12.73
8200,-1.60,-3.17,-12.83
8201,-1.58,-3.19,-13.09
8202,-1.51,-3.13,-13.27
8206,-1.45,-3.19,-13.43
8207,-1.40,-3.19,-13.71
8210,-1.31,-3.12,-13.85
8212,-1.13,-3.08,-14.14
8216,-0.99,-2.95,-14.50
8217,-0.85,-2.86,-14.78
8220,-0.69,-2.84,-15.05
8222,-0.60,-2.81,-15.39
8230,-0.51,-2.75,-15.67
8231,-0.32,-2.73,-15.87
8232,-0.21,-2.75,-16.06
8232,-0.20,-2.63,-16.20
8235,-0.10,-2.64,-16.29
8238,0.01,-2.62,-16.32
8241,0.07,-2.65,-16.36
8242,0.07,-2.63,-16.42
8245,0.06,-2.66,-16.50
8248,0.06,-2.71,-16.52
8252,0.08,-2.79,-16.47
8252,0.03,-2.92,-16.41
8256,-0.04,-3.05,-16.52
8258,-0.08,-3.16,-16.50
8261,-0.11,-3.30,-16.50
8262,-0.15,-3.38,-16.65
8268,-0.27,-3.48,-16.84
8268,-0.27,-3.58,-17.10
8270,-0.26,-3.68,-17.49
8272,-0.29,-3.77,-17.96
8275,-0.18,-3.70,-18.45
8278,-0.06,-3.59,-19.06
8283,0.11,-3.57,-19.66
8288,0.29,-3.51,-20.29
8289,0.37,-3.50,-21.02
8290,0.35,-3.54,-21.80
8290,0.35,-3.63,-22.71
8293,0.29,-3.89,-23.63
8296,0.29,-4.06,-24.45
8300,0.22,-3.88,-25.18
8301,0.14,-3.48,-26.05
8302,0.15,-3.19,-27.11
8308,0.02,-3.36,-27.67
8308,-0.19,-3.59,-28.21
8311,-0.37,-3.64,-28.78
8313,-0.65,-3.66,-29.37
8317,-0.96,-3.76,-29.80
8318,-1.31,-3.83,-30.17
8321,-1.66,-3.87,-30.60
8323,-1.97,-4.03,-31.02
8326,-2.27,-4.31,-31.05
8328,-2.62,-4.52,-31.09
8331,-2.93,-4.75,-31.22
8334,-3.19,-5.06,-31.28
8335,-3.41,-5.24,-31.26
8339,-3.54,-5.38,-31.39
8341,-3.76,-5.41,-31.59
8347,-3.88,-5.39,-31.82
8349,-3.94,-5.31,-32.17
8349,-4.10,-5.20,-32.65
8350,-4.27,-5.14,-33.19
8355,-4.42,-5.02,-33.96
8356,-4.63,-4.97,-34.86
8359,-4.84,-4.87,-35.86
8360,-5.03,-4.78,-36.97
8363,-5.32,-4.76,-38.05
8368,-5.73,-4.79,-39.09
8369,-6.14,-4.98,-39.97
8370,-6.48,-5.48,-40.78
8374,-6.85,-6.08,-41.33
8376,-7.09,-6.57,-41.70
8380,-7.17,-7.06,-41.85
8381,-7.15,-7.58,-41.67
8383,-7.15,-8.21,-41.10
8389,-7.04,-9.10,-40.11
8390,-6.79,-10.01,-38.79
8391,-6.43,-10.93,-37.33
8393,-5.99,-11.84,-35.45
8397,-5.59,-12.78,-33.32
8401,-5.17,-13.62,-31.02
8403,-4.64,-14.47,-28.67
8404,-4.05,-15.15,-26.12
8405,-3.64,-15.69,-23.35
8409,-3.18,-16.06,-20.43
8418,-2.67,-16.30,-17.44
8418,-2.16,-16.40,-14.29
8419,15.74,-58.48,60.35
8420,7.74,-24.86,26.55
8421,-15.99,29.58,-76.26
8426,-15.44,-0.74,1.68
8428,-5.13,-41.46,-28.14
8428,12.69,-26.20,-40.65
8431,3.12,25.08,-35.83
8434,-11.36,28.51,-57.94
8438,-9.27,3.45,-68.65
8439,-1.45,-11.72,-54.84
8440,2.84,-9.44,-42.65
8443,5.25,0.77,-41.16
8446,9.01,8.64,-42.00
8450,9.94,7.65,-40.30
8451,7.51,-2.69,-36.76
8453,6.78,-10.54,-31.85
8456,8.13,-14.04,-25.23
8459,8.66,-13.01,-18.05
8461,10.11,-11.95,-9.93
8463,10.33,-12.44,-3.38
8476,9.86,-13.22,1.13
8476,9.57,-14.05,5.18
8478,9.34,-14.52,8.72
8478,9.24,-14.55,13.30
8479,8.91,-13.62,17.68
8480,8.61,-12.36,21.74
8481,8.38,-11.24,25.03
8485,7.97,-10.46,27.18
8486,7.85,-10.05,28.83
8489,7.57,-9.45,29.70
8491,7.48,-8.72,30.29
8493,7.45,-7.75,30.72
8496,7.35,-6.71,30.58
8500,7.20,-6.07,30.22
8501,6.87,-5.74,29.32
8503,6.68,-5.45,28.21
8507,6.28,-5.10,26.79
8509,5.91,-4.91,25.14
8512,5.65,-4.76,23.64
8514,5.27,-4.28,22.01
8518,4.95,-3.87,20.45
8519,4.55,-3.60,18.77
8521,4.00,-3.49,17.13
8523,3.33,-3.50,15.57
8531,2.66,-3.62,14.04
8532,2.01,-3.72,12.78
8533,1.36,-3.69,11.45
8534,0.79,-3.76,10.21
8537,0.18,-3.67,9.14
8539,-0.34,-3.68,8.07
8541,-0.78,-3.75,7.14
8544,-1.34,-3.73,6.19
8547,-1.91,-3.78,5.40
8550,-2.45,-3.77,4.48
8552,-2.94,-3.86,3.50
8553,-3.52,-3.99,2.56
8557,-3.86,-4.12,1.64
8559,-4.06,-4.14,0.93
8562,-4.28,-4.02,-0.01
8563,-4.24,-3.82,-0.67
8567,-4.21,-3.61,-1.38
8569,-4.19,-3.48,-2.15
8573,-4.10,-3.35,-2.79
8574,-3.98,-3.26,-3.50
8576,-3.81,-3.20,-4.02
8580,-3.64,-2.98,-4.63
8581,-3.40,-2.84,-5.07
8586,-3.18,-2.65,-5.52
8587,-2.96,-2.50,-5.91
8588,-2.76,-2.32,-6.27
8597,-2.63,-2.12,-6.68
8598,-2.44,-1.96,-6.97
8599,-2.32,-1.74,-7.40
8599,-2.16,-1.53,-7.65
8603,-2.04,-1.28,-7.90
8604,-1.94,-1.01,-8.19
8606,-1.85,-0.73,-8.30
8610,-1.69,-0.44,-8.48
8612,-1.60,-0.21,-8.62
8614,-1.46,0.16,-8.69
8618,-1.36,0.53,-8.76
8619,-1.23,0.84,-8.84
8622,-1.24,1.10,-9.11
8624,-1.18,1.21,-9.31
8627,-1.16,1.27,-9.57
8630,-1.15,1.15,-9.82
8634,-1.21,0.99,-10.11
8635,-1.22,0.80,-10.36
8637,-1.31,0.57,-10.50
8640,-1.53,0.39,-10.50
8642,-1.72,0.15,-10.43
8643,-1.98,0.03,-10.53
8648,-2.28,-0.31,-10.76
8648,-2.50,-0.81,-10.91
8658,-2.78,-1.23,-11.20
8658,-3.02,-1.56,-11.54
8659,-3.25,-1.92,-11.98
8659,-3.36,-2.24,-12.33
8663,-3.52,-2.45,-12.58
8663,-3.61,-2.68,-13.01
8667,-3.68,-2.92,-13.43
8668,-3.73,-3.08,-13.85
8672,-3.69,-3.25,-14.18
8673,-3.55,-3.46,-14.45
8677,-3.49,-3.59,-14.74
8680,-3.35,-3.72,-14.98
8683,-3.07,-3.78,-15.25
8684,-2.86,-3.88,-15.44
8688,-2.61,-3.99,-15.70
8689,-2.30,-4.09,-15.89
8692,-1.98,-4.17,-16.14
8694,-1.63,-4.34,-16.40
8697,-1.33,-4.47,-16.58
8701,-1.01,-4.62,-16.85
8705,-0.72,-4.86,-17.09
8705,-0.49,-5.05,-17.33
8707,-0.23,-5.27,-17.48
8709,0.03,-5.60,-17.64
8715,0.21,-5.90,-17.76
8716,0.36,-6.27,-17.86
8717,0.57,-6.63,-17.90
8721,0.68,-6.95,-17.93
8722,0.75,-7.24,-17.87
8724,0.81,-7.57,-17.78
8727,0.83,-7.84,-17.51
8730,0.87,-8.10,-17.33
8734,0.86,-8.38,-16.94
8734,0.75,-8.56,-16.67
8738,0.70,-8.81,-16.35
8740,0.60,-9.04,-16.01
8743,0.49,-9.28,-15.61
8745,0.39,-9.48,-15.16
8747,0.32,-9.63,-14.76
8748,0.35,-9.74,-14.34
8752,0.38,-9.88,-13.85
8754,0.41,-9.91,-13.28
8757,0.54,-9.97,-12.71
8760,0.67,-10.00,-12.22
8761,0.84,-9.90,-11.75
8766,1.00,-9.82,-11.37
8770,1.24,-9.72,-11.12
8771,1.38,-9.53,-10.84
8772,1.59,-9.29,-10.52
8774,1.81,-8.99,-10.39
8777,2.04,-8.65,-10.22
8780,2.25,-8.28,-10.03
8784,2.44,-7.99,-9.94
8785,2.58,-7.65,-9.85
8788,2.71,-7.37,-9.76
8790,2.84,-7.04,-9.78
8793,2.86,-6.64,-9.77
8795,2.80,-6.28,-9.77
8798,2.76,-6.02,-9.84
8801,2.67,-5.76,-9.85
8802,2.50,-5.50,-9.88
8805,2.28,-5.19,-9.99
8808,2.07,-4.90,-10.15
8810,1.82,-4.68,-10.29
8812,1.56,-4.55,-10.46
8817,1.31,-4.30,-10.67
8819,0.99,-4.06,-10.84
8819,0.79,-3.83,-10.94
8827,0.59,-3.63,-11.09
8828,0.32,-3.46,-11.16
8829,0.09,-3.39,-11.24
8830,-0.18,-3.28,-11.30
8833,-0.37,-3.22,-11.38
8835,-0.57,-3.20,-11.43
8838,-0.74,-3.15,-11.60
8841,-0.89,-3.12,-11.70
8842,-0.99,-3.09,-11.72
8845,-1.08,-3.08,-11.76
8848,-1.16,-3.05,-11.83
8852,-1.20,-2.99,-11.89
8854,-1.22,-2.98,-11.98
8855,-1.31,-2.93,-12.06
8859,-1.35,-2.88,-12.06
8861,-1.29,-2.88,-12.20
8864,-1.29,-2.85,-12.36
8864,-1.25,-2.85,-12.52
8870,-1.17,-2.83,-12.73
8871,-1.06,-2.75,-12.83
8873,-0.96,-2.64,-13.04
8874,-0.83,-2.58,-13.24
8878,-0.73,-2.54,-13.46
8880,-0.60,-2.48,-13.64
8890,-0.44,-2.39,-13.82
8890,-0.31,-2.27,-13.95
8892,-0.20,-2.25,-14.17
8892,-0.02,-2.17,-14.51
8893,0.13,-2.12,-14.77
8895,0.22,-2.04,-14.92
8898,0.32,-1.97,-15.18
8902,0.43,-1.92,-15.49
8903,0.54,-1.93,-15.78
8905,0.56,-1.90,-16.19
8908,0.55,-1.94,-16.55
8910,0.49,-1.93,-16.89
8912,0.47,-1.93,-17.31
8918,0.45,-1.95,-17.71
8919,0.45,-1.99,-18.14
8921,0.38,-2.01,-18.52
8923,0.42,-1.99,-18.87
8924,0.43,-1.97,-19.18
8928,0.37,-1.92,-19.50
8930,0.33,-1.93,-19.82
8935,0.31,-1.91,-20.02
8936,0.26,-1.85,-20.23
8938,0.20,-1.85,-20.45
8940,0.10,-1.80,-20.74
8950,0.07,-1.77,-20.92
8950,0.06,-1.77,-21.14
8951,0.01,-1.65,-21.29
8952,0.03,-1.53,-21.43
8953,0.02,-1.36,-21.57
8954,-0.01,-1.21,-21.74
8958,-0.14,-1.13,-21.91
8962,-0.22,-1.14,-22.06
8963,-0.32,-1.22,-22.27
8967,-0.39,-1.32,-22.46
8969,-0.41,-1.34,-22.76
8969,-0.37,-1.25,-23.04
8974,-0.29,-1.15,-23.30
8975,-0.25,-1.00,-23.67
8979,-0.27,-0.90,-24.07
8980,-0.31,-0.90,-24.60
8985,-0.39,-1.00,-25.21
8986,-0.53,-1.08,-25.92
8988,-0.57,-1.26,-26.73
8990,-0.66,-1.46,-27.58
8993,-0.86,-1.71,-28.44
8995,-0.94,-1.97,-29.35
9006,-1.09,-2.15,-30.33
9007,-1.25,-2.31,-31.39
9008,-1.37,-2.52,-32.48
9009,-1.52,-2.77,-33.61
9010,-1.81,-3.26,-34.78
9011,-2.19,-3.97,-36.06
9014,-2.50,-4.78,-37.33
9018,-2.82,-5.51,-38.47
9019,-3.11,-6.07,-39.62
9020,-3.29,-6.39,-40.71
9024,-3.45,-6.62,-41.63
9025,-3.62,-6.81,-42.68
9027,-3.76,-7.15,-43.65
9031,-3.94,-7.62,-44.64
9035,-4.17,-8.14,-45.69
9036,-4.27,-8.70,-46.82
9039,-4.17,-9.15,-47.78
9041,-3.96,-9.46,-48.68
9043,-3.62,-9.68,-49.38
9045,-3.12,-9.89,-49.89
9049,-2.58,-10.08,-50.39
9054,-2.09,-10.33,-50.66
9056,-1.65,-10.73,-50.83
9057,-1.29,-11.24,-50.91
9058,-0.99,-11.78,-50.86
9061,-0.65,-12.35,-50.76
9063,-0.36,-12.89,-50.39
9067,-0.07,-13.47,-49.72
9068,0.28,-14.19,-48.63
9071,0.44,-14.91,-47.28
9074,0.49,-15.67,-45.68
9075,0.53,-16.43,-43.88
9079,0.42,-17.34,-42.03
9082,0.21,-18.27,-39.98
9083,0.11,-19.18,-37.68
9088,0.08,-20.00,-35.17
9089,0.00,-20.76,-32.43
9090,-0.10,-21.51,-29.58
9094,-0.43,-22.28,-26.64
9095,-0.86,-23.06,-23.40
9102,-1.38,-23.85,-20.06
9103,-2.11,-24.52,-16.77
9105,-2.80,-25.21,-13.18
9106,-3.48,-25.76,-9.44
9113,-4.13,-26.04,-5.75
9114,-18.33,-42.53,41.70
9116,-33.05,3.45,44.44
9119,-22.71,15.19,-78.95
9121,-14.77,-27.31,11.71
9122,-13.97,-78.18,29.83
9123,27.99,-56.10,-51.50
9125,8.94,19.93,-16.57
9129,-20.39,66.96,-31.33
9130,-29.78,19.78,-76.45
9133,-2.20,-12.88,-61.69
9137,3.18,-5.83,-52.00
9139,15.58,5.75,-49.60
9141,26.88,15.38,-50.73
9144,22.95,25.54,-59.30
9146,15.76,17.39,-62.76
9149,9.53,-3.17,-56.32
9153,7.15,-17.44,-46.28
9154,11.21,-23.98,-33.33
9156,13.50,-25.70,-19.71
9159,9.61,-19.77,-13.16
9162,5.72,-16.48,-11.03
9165,4.44,-18.51,-7.98
9171,2.86,-21.65,-2.03
9172,2.09,-23.13,6.44
9173,1.66,-21.58,15.46
9174,1.45,-18.67,22.44
9175,1.69,-16.86,27.46
9181,2.18,-16.16,31.00
9182,3.06,-15.56,33.72
9186,4.29,-13.90,35.88
9187,5.62,-11.51,37.72
9190,6.99,-9.33,39.41
9192,8.23,-7.34,40.47
9194,9.00,-6.13,40.77
9195,9.42,-5.58,40.21
9202,9.81,-5.31,39.16
9203,10.03,-5.02,38.07
9205,10.21,-4.41,36.59
9206,10.23,-3.66,34.93
9209,10.13,-2.91,32.94
9210,9.77,-2.43,30.68
9214,8.96,-2.27,28.32
9219,8.11,-2.33,25.89
9221,7.15,-2.44,23.69
9222,6.17,-2.57,21.54
9224,5.31,-2.76,19.58
9227,4.40,-2.84,17.73
9234,3.65,-2.97,15.85
9235,2.99,-3.16,14.02
9236,2.27,-3.39,12.15
9237,1.67,-3.65,10.56
9241,1.19,-3.93,9.06
9242,0.66,-4.21,7.64
9244,0.18,-4.54,6.40
9246,-0.13,-4.81,5.16
9250,-0.45,-5.05,3.85
9253,-0.71,-5.33,2.57
9255,-0.86,-5.73,1.49
9255,-0.98,-6.05,0.28
9259,-1.06,-6.39,-0.83
9261,-1.13,-6.74,-1.84
9265,-1.01,-7.04,-2.89
9269,-0.92,-7.38,-3.88
9270,-0.79,-7.66,-4.87
9272,-0.54,-7.94,-5.60
9274,-0.45,-8.13,-6.27
9276,-0.31,-8.36,-6.92
9280,-0.11,-8.44,-7.32
9282,-0.02,-8.36,-7.72
9292,0.02,-8.49,-8.01
9292,0.08,-8.45,-8.29
9294,-0.01,-8.43,-8.39
9295,-0.14,-8.38,-8.36
9296,-0.23,-8.32,-8.40
9297,-0.38,-8.20,-8.29
9302,-0.55,-8.13,-8.06
9304,-0.52,-8.11,-7.84
9306,-0.60,-8.04,-7.54
9307,-0.59,-8.00,-7.24
9310,-0.51,-7.87,-6.97
9311,-0.36,-7.72,-6.70
9315,-0.23,-7.57,-6.38
9316,-0.02,-7.42,-6.21
9321,0.20,-7.24,-6.10
9323,0.43,-6.92,-6.01
9325,0.77,-6.64,-6.00
9327,1.14,-6.30,-6.03
9330,1.52,-5.98,-6.21
9331,1.89,-5.62,-6.48
9336,2.22,-5.25,-6.73
9338,2.52,-4.98,-7.03
9340,2.84,-4.76,-7.42
9341,3.10,-4.62,-7.76
9349,3.21,-4.59,-8.19
9350,3.22,-4.71,-8.60
9351,3.27,-4.85,-9.08
9352,3.26,-5.07,-9.58
9356,3.30,-5.32,-10.04
9357,3.39,-5.60,-10.44
9360,3.56,-5.80,-10.87
9362,3.70,-6.04,-11.36
9365,3.83,-6.34,-11.81
9368,4.09,-6.69,-12.44
9370,4.45,-7.05,-13.13
9372,4.85,-7.42,-13.80
9375,5.36,-7.66,-14.48
9376,5.96,-7.81,-15.21
9381,6.66,-7.86,-15.82
9384,7.40,-7.80,-16.47
9385,8.15,-7.67,-17.09
9386,8.76,-7.53,-17.67
9389,9.36,-7.45,-18.24
9391,9.91,-7.43,-18.86
9394,10.34,-7.44,-19.53
9396,10.74,-7.56,-20.09
9409,11.03,-7.81,-20.62
9410,11.19,-8.08,-21.10
9410,11.29,-8.50,-21.49
9412,11.18,-9.11,-21.86
9413,10.89,-9.88,-22.26
9414,10.52,-10.71,-22.61
9415,10.13,-11.52,-22.89
9419,9.74,-12.36,-22.96
9420,9.30,-13.26,-23.03
9423,8.80,-14.27,-23.03
9424,8.34,-15.48,-23.14
9427,7.96,-16.70,-23.34
9430,7.70,-17.82,-23.58
9431,7.59,-18.79,-23.90
9436,7.77,-19.34,-24.15
9437,8.17,-19.58,-24.38
9441,8.72,-19.60,-24.69
9443,9.32,-19.44,-24.81
9445,9.97,-19.22,-24.98
9446,10.65,-19.07,-25.17
9453,11.30,-18.84,-25.20
9454,11.88,-18.59,-25.14
9455,12.52,-18.29,-24.97
9456,13.02,-17.95,-24.62
9465,13.48,-17.59,-24.20
9467,13.86,-17.33,-23.69
9467,14.07,-17.08,-23.11
9471,14.16,-16.77,-22.45
9472,14.18,-16.49,-21.75
9474,13.91,-16.32,-21.08
9474,13.50,-16.26,-20.31
9478,12.90,-16.39,-19.68
9480,12.02,-16.66,-19.11
9484,10.87,-17.14,-18.55
9486,9.69,-17.63,-18.13
9487,8.45,-18.11,-17.74
9490,7.13,-18.47,-17.41
9492,5.83,-18.90,-17.15
9495,4.59,-19.39,-16.95
9496,3.28,-19.81,-16.89
9502,1.93,-20.28,-17.01
9503,0.67,-20.64,-17.28
9504,-0.63,-20.92,-17.54
9507,-1.93,-21.21,-18.01
9510,-3.07,-21.49,-18.51
9512,-4.22,-21.78,-19.30
9516,-5.15,-22.02,-20.12
9520,-5.89,-22.25,-20.99
9528,-6.57,-22.29,-21.94
9529,-7.03,-22.19,-22.84
9530,-7.15,-21.69,-23.60
9531,-7.03,-20.96,-24.37
9532,-6.92,-20.21,-24.99
9533,-6.74,-19.52,-25.49
9535,-6.68,-18.86,-25.92
9537,-6.67,-18.32,-26.44
9540,-6.70,-17.79,-26.97
9543,-6.60,-17.29,-27.49
9545,-6.48,-16.68,-27.93
9547,-6.30,-15.98,-28.17
9553,-6.13,-15.20,-28.35
9554,-6.05,-14.24,-28.37
9555,-6.11,-13.24,-28.30
9558,-6.44,-12.29,-28.26
9560,-7.02,-11.49,-28.42
9562,-7.72,-10.96,-28.70
9566,-8.52,-10.35,-29.19
9569,-9.40,-9.56,-29.72
9570,-10.30,-8.52,-30.28
9572,-11.22,-7.39,-31.05
9579,-12.23,-6.05,-31.80
9579,-13.26,-4.77,-32.62
9580,-14.27,-3.56,-33.51
9584,-15.41,-2.31,-34.31
9586,-16.50,-1.22,-35.30
9587,-17.37,0.21,-36.35
9591,-18.48,1.63,-37.29
9592,-19.65,2.43,-38.19
9595,-20.80,2.74,-39.19
9597,-21.85,2.84,-40.18
9603,-22.73,3.87,-40.91
9603,-21.87,3.42,-41.76
9605,-25.52,3.41,-42.11
9607,-26.78,4.38,-42.55
9611,-24.87,5.92,-42.58
9612,-26.30,7.08,-42.25
9616,-26.38,7.19,-41.52
9617,-25.10,6.44,-40.98
9625,-25.04,6.12,-40.34
9632,-24.86,5.73,-39.59
9633,-24.54,5.18,-38.60
9633,-24.18,4.50,-37.09
9634,-23.69,3.66,-35.39
9635,-22.96,2.78,-33.54
9636,-22.18,1.97,-31.64
9639,-21.22,0.99,-29.43
9640,-20.17,0.05,-27.13
9643,-19.12,-0.70,-24.82
9645,-17.93,-1.33,-22.48
9648,-16.69,-1.77,-20.08
9653,-15.58,-2.22,-17.65
9654,-31.40,-2.32,11.27
9655,-58.67,-30.15,78.03
9658,-19.73,-37.43,-44.43
9661,-18.91,-37.31,-56.42
9664,-29.16,-40.84,-40.13
9665,-10.86,-14.18,-27.07
9672,-4.21,26.98,-39.10
9676,-4.83,51.24,-44.02
9677,-18.56,50.37,-57.49
9678,-17.50,27.22,-61.64
9679,-10.42,-0.37,-58.82
9683,-1.20,-6.92,-54.94
9684,8.32,1.85,-53.73
9687,9.08,21.85,-51.03
9688,10.11,29.58,-46.67
9691,7.87,17.42,-43.22
9692,5.49,6.33,-37.56
9695,2.67,-3.26,-33.60
9698,2.08,-8.30,-29.50
9702,2.79,-13.24,-24.94
9703,3.07,-14.63,-17.38
9706,1.53,-11.53,-10.14
9708,1.29,-10.20,-4.71
9710,1.30,-10.23,1.50
9712,0.80,-11.20,7.04
9715,0.31,-12.76,12.52
9720,0.17,-13.44,18.06
9726,0.25,-13.16,22.24
9727,0.93,-12.31,26.32
9728,1.83,-11.01,29.50
9729,3.04,-9.92,32.10
9731,4.21,-8.77,33.65
9735,5.43,-7.76,34.31
9736,6.63,-6.85,34.53
9737,7.54,-6.10,33.88
9742,8.38,-5.61,32.75
9744,8.77,-5.29,30.66
9746,8.97,-5.30,28.06
9748,8.87,-5.39,25.06
9753,8.69,-5.64,21.56
9754,8.64,-5.78,18.24
9756,8.51,-5.54,14.71
9759,8.49,-4.95,11.27
9761,8.25,-4.27,7.68
9764,7.94,-4.02,4.14
9767,7.42,-3.94,1.07
9770,6.89,-3.81,-2.00
9776,6.33,-3.48,-4.66
9777,5.77,-3.00,-7.09
9778,5.28,-2.48,-9.17
9779,4.66,-1.92,-10.99
9782,3.90,-1.62,-12.69
9783,3.13,-1.38,-14.03
9787,2.32,-1.06,-15.18
9789,1.71,-0.86,-15.96
9792,1.01,-0.83,-16.34
9793,0.52,-0.78,-16.39
9797,0.18,-0.63,-16.14
9798,-0.06,-0.47,-15.58
9803,-0.26,-0.50,-14.54
9804,-0.51,-0.77,-13.36
9807,-0.59,-1.19,-11.88
9810,-0.65,-1.52,-10.49
9811,-0.76,-1.99,-9.24
9813,-0.82,-2.67,-7.71
9819,-0.83,-3.41,-6.10
9819,-0.72,-4.04,-4.34
9821,-0.66,-4.53,-2.81
9824,-0.62,-5.05,-1.36
9830,-0.66,-5.57,-0.16
9831,-0.69,-6.24,0.82
9832,-0.78,-6.90,1.76
9835,-0.94,-7.43,2.46
9835,-0.97,-8.02,3.06
9838,-0.92,-8.46,3.49
9842,-0.84,-8.92,3.63
9844,-0.61,-9.21,3.51
9846,-0.38,-9.44,3.05
9849,-0.07,-9.52,2.58
9853,0.28,-9.54,1.99
9854,0.70,-9.53,1.13
9856,1.12,-9.44,0.06
9859,1.55,-9.28,-1.17
9862,1.98,-9.09,-2.35
9864,2.34,-8.88,-3.64
9868,2.73,-8.50,-4.96
9872,3.09,-8.16,-6.39
9873,3.35,-7.83,-7.76
9874,3.56,-7.52,-9.09
9876,3.75,-7.16,-10.41
9878,3.86,-6.83,-11.72
9887,3.93,-6.40,-13.00
9888,3.95,-5.98,-14.31
9889,3.71,-5.59,-15.50
9890,3.54,-5.17,-16.67
9894,3.18,-4.67,-17.91
9895,2.72,-4.17,-19.09
9896,2.27,-3.71,-20.14
9899,1.76,-3.19,-21.07
9903,1.30,-2.75,-21.88
9905,0.72,-2.34,-22.58
9908,0.24,-1.84,-23.22
9909,-0.20,-1.42,-23.68
9912,-0.64,-1.05,-24.15
9913,-1.00,-0.71,-24.46
9917,-1.38,-0.44,-24.59
9921,-1.62,-0.21,-24.40
9923,-1.69,0.04,-24.14
9924,-1.74,0.23,-23.61
9927,-1.60,0.37,-22.96
9928,-1.37,0.50,-22.21
9932,-1.03,0.63,-21.18
9936,-0.71,0.73,-20.19
9946,-0.28,0.75,-19.17
9946,0.19,0.78,-18.11
9948,0.65,0.77,-17.01
9948,1.09,0.73,-15.90
9949,1.61,0.66,-14.96
9950,1.99,0.50,-13.94
9953,2.25,0.35,-13.00
9954,2.58,0.21,-12.19
9958,2.94,0.04,-11.33
9958,3.15,-0.19,-10.57
9963,3.37,-0.42,-9.92
9965,3.57,-0.65,-9.33
9966,3.65,-0.87,-8.92
9970,3.76,-1.13,-8.50
9972,3.76,-1.45,-8.25
9975,3.74,-1.77,-8.17
9976,3.74,-2.06,-8.19
9979,3.70,-2.28,-8.33
9982,3.55,-2.46,-8.64
9986,3.40,-2.70,-9.13
9988,3.19,-2.94,-9.87
9989,2.91,-3.23,-10.55
9992,2.61,-3.50,-11.30
9995,2.30,-3.69,-12.10
