1,-0.04,0.33,-0.15
13,-0.04,0.36,-0.16
14,-0.04,0.36,-0.17
14,-0.05,0.33,-0.18
19,-0.07,0.29,-0.19
24,-0.10,0.23,-0.19
30,-0.11,0.16,-0.20
36,-0.12,0.08,-0.20
41,-0.14,0.01,-0.20
46,-0.15,-0.04,-0.20
50,-0.16,-0.07,-0.19
58,-0.18,-0.08,-0.19
59,-0.19,-0.07,-0.18
65,-0.21,-0.05,-0.17
70,-0.21,-0.03,-0.17
74,-0.22,-0.02,-0.17
80,-0.23,-0.01,-0.17
85,-0.24,-0.01,-0.18
91,-0.25,-0.02,-0.19
95,-0.26,-0.03,-0.19
100,-0.27,-0.05,-0.20
107,-0.27,-0.08,-0.21
110,-0.27,-0.10,-0.22
115,-0.27,-0.11,-0.22
121,-0.27,-0.09,-0.22
129,-0.27,-0.07,-0.22
130,-0.26,-0.04,-0.22
135,-0.26,-0.00,-0.22
145,-0.26,0.03,-0.21
146,-0.25,0.06,-0.21
150,-0.24,0.07,-0.21
155,-0.23,0.08,-0.21
160,-0.22,0.07,-0.22
166,-0.22,0.05,-0.22
170,-0.21,0.03,-0.22
176,-0.20,0.01,-0.22
180,-0.20,-0.00,-0.23
185,-0.20,-0.01,-0.23
191,-0.19,-0.02,-0.23
195,-0.19,-0.02,-0.23
200,-0.19,-0.01,-0.23
207,-0.19,-0.01,-0.23
210,-0.19,-0.00,-0.22
215,-0.18,0.01,-0.22
220,-0.17,0.03,-0.22
226,-0.17,0.05,-0.21
231,-0.16,0.07,-0.20
236,-0.15,0.09,-0.19
242,-0.14,0.12,-0.19
246,-0.12,0.15,-0.19
251,-0.12,0.18,-0.18
257,-0.11,0.21,-0.18
261,-0.10,0.23,-0.18
266,-0.09,0.25,-0.18
271,-0.09,0.28,-0.18
275,-0.09,0.30,-0.18
281,-0.11,0.30,-0.19
287,-0.12,0.28,-0.18
292,-0.12,0.23,-0.19
297,-0.13,0.18,-0.19
300,-0.13,0.11,-0.20
308,-0.14,0.06,-0.20
311,-0.14,0.03,-0.20
315,-0.14,0.03,-0.21
321,-0.15,0.05,-0.21
327,-0.14,0.10,-0.22
331,-0.13,0.17,-0.23
336,-0.13,0.27,-0.23
341,-0.11,0.39,-0.25
346,-0.09,0.54,-0.28
351,-0.07,0.71,-0.30
358,-0.05,0.92,-0.34
361,-0.03,1.15,-0.39
367,-0.00,1.39,-0.44
372,0.04,1.66,-0.50
379,0.08,1.96,-0.57
380,0.11,2.29,-0.65
386,0.14,2.63,-0.73
392,0.17,2.99,-0.81
395,0.20,3.36,-0.90
400,0.23,3.73,-0.98
408,0.26,4.07,-1.06
410,0.29,4.40,-1.14
416,0.32,4.69,-1.22
421,0.35,4.97,-1.30
426,0.38,5.22,-1.36
433,0.40,5.45,-1.42
436,0.43,5.67,-1.48
441,0.45,5.90,-1.53
447,0.47,6.16,-1.56
451,0.44,6.42,-1.62
457,0.46,6.64,-1.68
462,0.50,6.81,-1.73
467,0.55,6.94,-1.78
472,0.60,7.03,-1.83
477,0.66,7.08,-1.86
482,0.73,7.11,-1.89
487,0.81,7.14,-1.91
493,0.86,7.17,-1.93
497,0.92,7.19,-1.96
502,0.95,7.22,-1.97
509,0.99,7.27,-1.95
512,1.03,7.32,-1.93
517,1.08,7.36,-1.90
522,1.14,7.36,-1.88
528,1.22,7.33,-1.85
532,1.32,7.27,-1.83
537,1.41,7.16,-1.82
543,1.48,7.02,-1.80
547,1.56,6.89,-1.76
551,1.62,6.77,-1.69
559,1.67,6.67,-1.60
561,1.73,6.62,-1.51
567,1.76,6.60,-1.41
571,1.80,6.62,-1.30
578,1.85,6.69,-1.19
581,1.86,6.82,-1.07
586,1.89,6.99,-0.95
592,1.91,7.23,-0.83
597,1.92,7.52,-0.71
602,1.94,7.85,-0.57
609,1.96,8.21,-0.44
611,1.98,8.60,-0.31
616,1.99,8.99,-0.19
628,2.02,9.39,-0.08
629,2.02,9.81,0.00
632,2.05,10.21,0.08
636,2.06,10.60,0.14
644,2.10,10.93,0.21
646,2.23,11.27,0.29
653,2.31,11.63,0.33
659,2.29,11.96,0.31
664,2.34,12.23,0.28
666,2.47,12.49,0.33
674,2.61,12.71,0.37
676,2.76,12.89,0.41
681,2.98,13.02,0.48
687,3.25,13.02,0.58
691,3.61,12.61,0.67
696,3.78,11.76,0.71
701,3.74,10.73,0.69
708,3.71,9.60,0.70
712,3.67,8.35,0.74
717,3.57,7.03,0.77
722,3.40,5.68,0.79
728,3.21,4.39,0.80
732,3.01,3.16,0.77
738,2.83,1.96,0.72
745,2.66,0.76,0.65
748,2.50,-0.40,0.60
752,2.33,-1.52,0.51
759,2.16,-2.55,0.39
762,1.99,-3.47,0.23
767,1.86,-4.26,0.06
776,1.72,-4.86,-0.11
777,1.64,-5.30,-0.30
782,1.60,-5.54,-0.53
787,1.60,-5.54,-0.80
793,1.64,-5.29,-1.10
798,1.68,-4.78,-1.40
802,1.71,-4.00,-1.68
810,1.70,-3.00,-1.91
812,1.66,-1.85,-2.12
817,1.66,-0.63,-2.34
825,1.71,0.52,-2.56
827,1.81,1.51,-2.71
832,1.95,2.20,-2.82
837,2.14,2.75,-2.95
843,2.35,3.18,-2.90
847,2.52,3.55,-2.79
852,2.66,3.81,-2.61
860,2.80,3.87,-2.42
863,2.94,3.76,-2.21
868,3.08,3.57,-1.94
878,3.18,3.38,-1.62
879,3.16,3.27,-1.29
882,3.08,3.24,-0.96
888,2.90,3.23,-0.65
895,2.67,3.23,-0.35
898,2.40,3.22,-0.09
903,2.11,3.21,0.14
911,1.83,3.18,0.34
912,1.53,3.14,0.51
917,1.22,3.11,0.65
924,0.89,3.12,0.75
927,0.56,3.16,0.81
933,0.26,3.19,0.84
937,-0.02,3.20,0.84
944,-0.25,3.17,0.81
948,-0.45,3.14,0.76
953,-0.62,3.07,0.69
961,-0.75,2.98,0.62
965,-0.84,2.84,0.55
968,-0.89,2.66,0.51
976,-0.91,2.44,0.49
978,-0.92,2.19,0.48
985,-0.88,1.93,0.51
989,-0.84,1.69,0.55
993,-0.71,1.59,0.62
999,-0.65,1.63,0.67
1003,-0.72,1.62,0.71
1009,-0.62,1.49,0.80
1014,-0.44,1.40,0.90
1018,-0.28,1.52,1.00
1028,-0.17,1.81,1.02
1030,-0.24,2.03,1.04
1034,-0.18,2.10,1.07
1039,-0.02,2.11,1.12
1045,0.15,2.22,1.15
1050,0.21,2.41,1.10
1054,0.13,2.48,1.01
1060,0.15,2.37,0.96
1064,0.21,2.17,0.92
1070,0.26,1.96,0.83
1076,0.30,1.79,0.75
1079,0.28,1.63,0.66
1084,0.16,1.43,0.55
1093,0.11,1.15,0.44
1094,0.07,0.85,0.38
1099,0.05,0.59,0.30
1104,0.04,0.37,0.22
1109,0.01,0.19,0.15
1114,-0.01,0.01,0.09
1119,-0.03,-0.13,0.04
1126,-0.05,-0.22,-0.01
1129,-0.07,-0.27,-0.04
1133,-0.09,-0.28,-0.06
1138,-0.11,-0.26,-0.06
1144,-0.16,-0.22,-0.06
1149,-0.21,-0.16,-0.05
1153,-0.24,-0.10,-0.04
1159,-0.28,-0.03,-0.03
1163,-0.30,0.02,-0.03
1168,-0.32,0.08,-0.02
1176,-0.33,0.14,-0.02
1179,-0.35,0.22,-0.01
1184,-0.38,0.32,-0.00
1190,-0.42,0.44,0.01
1197,-0.47,0.59,0.03
1199,-0.51,0.72,0.05
1204,-0.56,0.84,0.08
1211,-0.61,0.90,0.10
1213,-0.66,0.90,0.13
1218,-0.71,0.83,0.15
1225,-0.75,0.71,0.16
1229,-0.78,0.56,0.16
1233,-0.81,0.38,0.16
1240,-0.82,0.22,0.15
1245,-0.83,0.08,0.14
1249,-0.83,-0.01,0.14
1254,-0.82,-0.04,0.14
1260,-0.78,-0.03,0.15
1264,-0.73,0.02,0.17
1269,-0.67,0.07,0.21
1278,-0.61,0.11,0.26
1279,-0.55,0.13,0.31
1284,-0.51,0.10,0.35
1295,-0.49,0.02,0.39
1296,-0.51,-0.09,0.42
1299,-0.57,-0.19,0.43
1303,-0.69,-0.26,0.43
1309,-0.84,-0.25,0.43
1314,-1.02,-0.17,0.44
1320,-1.24,0.00,0.46
1326,-1.51,0.27,0.51
1337,-1.81,0.63,0.57
1340,-2.16,1.00,0.63
1341,-2.57,1.30,0.69
1346,-3.04,1.46,0.72
1350,-3.56,1.42,0.71
1355,-4.10,1.17,0.66
1361,-4.63,0.76,0.57
1365,-5.14,0.28,0.46
1369,-5.63,-0.17,0.34
1375,-6.02,-0.59,0.23
1380,-5.03,-2.04,0.16
1385,8.30,-7.88,0.16
1390,3.89,-5.63,0.48
1397,2.43,-0.76,0.61
1401,1.68,1.66,1.07
1405,-0.70,3.45,1.43
1411,-2.18,5.11,1.58
1416,-3.61,5.25,1.42
1422,-4.67,3.65,1.10
1427,-5.18,1.26,0.75
1432,-5.10,-1.22,0.43
1436,-4.58,-3.30,0.17
1440,-4.03,-4.68,-0.03
1445,-3.34,-5.24,-0.18
1450,-2.41,-5.05,-0.26
1455,-1.40,-4.20,-0.29
1460,-0.45,-2.83,-0.29
1465,0.40,-1.21,-0.25
1470,1.16,0.40,-0.17
1477,1.78,1.79,-0.06
1479,2.27,2.84,0.05
1484,2.58,3.50,0.16
1495,2.72,3.74,0.24
1496,2.74,3.58,0.29
1499,2.70,3.10,0.29
1504,2.60,2.42,0.26
1512,2.48,1.66,0.21
1514,2.35,0.89,0.15
1520,2.22,0.24,0.10
1528,2.08,-0.27,0.06
1530,1.93,-0.61,0.04
1535,1.80,-0.78,0.03
1543,1.69,-0.79,0.02
1544,1.59,-0.70,0.01
1550,1.50,-0.58,0.01
1555,1.42,-0.46,0.00
1561,1.36,-0.38,-0.01
1565,1.29,-0.35,-0.02
1570,1.23,-0.34,-0.05
1577,1.18,-0.31,-0.09
1580,1.15,-0.23,-0.15
1585,1.12,-0.10,-0.21
1595,1.12,0.07,-0.26
1596,1.15,0.26,-0.30
1600,1.18,0.43,-0.33
1607,1.25,0.52,-0.34
1616,1.36,0.45,-0.31
1618,1.51,0.31,-0.25
1620,1.64,0.18,-0.16
1628,1.74,0.09,-0.05
1631,1.82,0.04,0.07
1636,1.84,0.04,0.20
1643,1.82,0.08,0.31
1645,1.75,0.16,0.40
1650,1.63,0.24,0.47
1655,1.47,0.30,0.50
1660,1.30,0.31,0.51
1670,1.12,0.28,0.47
1671,0.95,0.24,0.42
1676,0.77,0.22,0.34
1681,0.59,0.23,0.25
1687,0.41,0.24,0.17
1693,0.25,0.21,0.10
1696,0.09,0.14,0.05
1701,-0.06,0.03,0.04
1706,-0.22,-0.08,0.03
1712,-0.35,-0.19,0.04
1716,-0.44,-0.30,0.06
1722,-0.50,-0.38,0.09
1728,-0.52,-0.42,0.11
1732,-0.49,-0.40,0.13
1737,-0.45,-0.33,0.13
1744,-0.38,-0.20,0.12
1745,-0.29,-0.02,0.11
1750,-0.17,0.16,0.09
1755,-0.03,0.33,0.06
1762,0.11,0.48,0.04
1765,0.23,0.61,0.02
1771,0.33,0.71,-0.00
1780,0.40,0.77,-0.02
1781,0.44,0.81,-0.04
1786,0.45,0.80,-0.06
1794,0.43,0.77,-0.09
1796,0.39,0.72,-0.12
1800,0.32,0.67,-0.14
1805,0.23,0.58,-0.17
1811,0.12,0.45,-0.19
1816,0.01,0.31,-0.21
1820,-0.11,0.18,-0.23
1827,-0.22,0.08,-0.25
1832,-0.32,0.01,-0.25
1836,-0.39,-0.05,-0.25
1846,-0.44,-0.09,-0.24
1848,-0.46,-0.09,-0.22
1851,-0.47,-0.07,-0.21
1856,-0.45,-0.03,-0.19
1864,-0.41,0.04,-0.19
1867,-0.36,0.13,-0.19
1875,-0.31,0.21,-0.19
1879,-0.25,0.27,-0.20
1884,-0.20,0.30,-0.21
1886,-0.15,0.31,-0.23
1892,-0.10,0.33,-0.24
1897,-0.07,0.37,-0.24
1901,-0.04,0.43,-0.24
1906,-0.02,0.52,-0.23
1912,-0.01,0.63,-0.22
1917,-0.01,0.73,-0.21
1922,-0.03,0.79,-0.19
1927,-0.04,0.79,-0.16
1932,-0.10,0.72,-0.13
1938,-0.22,0.57,-0.09
1946,-0.42,0.37,-0.06
1947,-0.67,0.15,-0.03
1953,-0.95,-0.08,-0.01
1962,-1.27,-0.26,0.03
1964,-1.67,-0.33,0.06
1968,-2.17,-0.26,0.10
1973,-2.75,-0.06,0.13
1978,-3.37,0.22,0.14
1982,-3.99,0.50,0.14
1987,-4.62,0.71,0.14
1994,-5.26,0.79,0.11
1996,-5.90,0.70,0.06
2002,-6.52,0.42,-0.02
2010,-7.08,-0.01,-0.11
2012,-6.41,-2.54,-0.16
2016,9.22,-16.65,-0.23
2021,3.01,-17.45,-0.39
2027,2.19,-10.62,-0.98
2032,2.23,-0.72,0.51
2037,-0.77,7.72,1.46
2043,-2.90,14.76,1.86
2047,-5.27,17.46,1.53
2051,-7.37,15.40,0.69
2057,-8.28,9.49,-0.03
2063,-8.03,2.03,-0.62
2067,-7.57,-4.85,-0.95
2072,-7.23,-9.78,-0.89
2078,-6.22,-12.34,-0.60
2082,-4.76,-12.46,-0.13
2088,-3.39,-10.24,0.36
2094,-2.28,-6.36,0.72
2099,-1.32,-1.77,0.95
2102,-0.48,2.54,1.05
2110,0.24,5.75,1.07
2112,0.81,7.52,1.01
2118,1.17,7.79,0.86
2123,1.39,6.68,0.61
2127,1.53,4.57,0.31
2134,1.57,2.12,-0.03
2138,1.50,-0.06,-0.38
2144,1.41,-1.59,-0.69
2148,1.43,-2.39,-0.93
2154,1.52,-2.47,-1.07
2162,1.65,-1.93,-1.13
2164,1.82,-0.96,-1.11
2169,2.03,0.15,-1.04
2174,2.28,1.14,-0.94
2180,2.54,1.83,-0.83
2183,2.79,2.13,-0.73
2189,3.00,2.07,-0.67
2196,3.14,1.74,-0.64
2198,3.23,1.26,-0.63
2205,3.26,0.74,-0.65
2211,3.24,0.29,-0.68
2216,3.17,-0.02,-0.71
2218,3.09,-0.13,-0.74
2222,3.00,-0.08,-0.79
2228,2.90,0.09,-0.84
2233,2.81,0.31,-0.89
2238,2.74,0.53,-0.94
2245,2.68,0.70,-0.97
2249,2.63,0.80,-0.98
2253,2.57,0.83,-0.94
2261,2.52,0.81,-0.86
2263,2.46,0.73,-0.74
2268,2.42,0.59,-0.59
2273,2.40,0.40,-0.41
2279,2.42,0.16,-0.23
2283,2.46,-0.05,-0.07
2289,2.50,-0.20,0.08
2304,2.54,-0.27,0.19
2305,2.57,-0.28,0.27
2306,2.62,-0.22,0.32
2310,2.68,-0.10,0.34
2314,2.74,0.07,0.34
2319,2.79,0.27,0.31
2323,2.81,0.47,0.26
2328,2.81,0.65,0.19
2334,2.78,0.81,0.10
2339,2.72,0.91,0.02
2344,2.62,0.92,-0.07
2349,2.50,0.81,-0.15
2353,2.37,0.58,-0.23
2361,2.23,0.26,-0.31
2364,2.10,-0.09,-0.38
2369,1.97,-0.42,-0.44
2374,1.82,-0.66,-0.49
2379,1.68,-0.75,-0.55
2384,1.54,-0.68,-0.61
2389,1.42,-0.49,-0.66
2395,1.32,-0.22,-0.70
2399,1.24,0.07,-0.72
2404,1.18,0.32,-0.74
2414,1.13,0.52,-0.74
2415,1.08,0.67,-0.72
2418,1.03,0.77,-0.68
2423,0.98,0.80,-0.62
2429,0.90,0.74,-0.55
2433,0.81,0.63,-0.48
2438,0.69,0.50,-0.42
2443,0.53,0.36,-0.37
2448,0.35,0.17,-0.34
2453,0.17,-0.04,-0.32
2461,-0.01,-0.17,-0.33
2463,-0.25,-0.17,-0.35
2468,-0.55,-0.05,-0.36
2475,-0.90,0.16,-0.37
2483,-1.25,0.43,-0.35
2484,-1.63,0.71,-0.31
2490,-2.00,0.92,-0.25
2495,-2.40,0.97,-0.20
2499,-2.81,0.80,-0.18
2504,-3.25,0.40,-0.19
2510,-3.71,-0.18,-0.24
2515,-4.21,-0.87,-0.33
2519,-4.78,-1.51,-0.45
2524,-5.38,-1.92,-0.58
2530,-6.02,-1.99,-0.70
2535,-6.66,-1.71,-0.80
2540,-7.26,-1.14,-0.86
2545,-7.81,-0.38,-0.90
2549,-8.31,0.42,-0.91
2555,-8.71,1.12,-0.90
2561,-9.05,1.60,-0.87
2564,-0.77,6.04,-0.74
2569,11.60,14.63,0.24
2574,5.35,12.11,1.34
2579,6.11,6.74,1.15
2584,0.85,-0.43,0.76
2589,-5.08,-5.53,0.91
2595,-6.77,-7.87,0.44
2599,-9.70,-9.52,0.42
2604,-11.29,-9.31,0.50
2615,-10.76,-7.69,0.49
2617,-9.98,-5.31,0.44
2619,-8.89,-2.94,0.32
2624,-6.73,-1.13,0.08
2635,-4.34,0.15,-0.14
2637,-2.15,1.07,-0.28
2642,-0.18,1.70,-0.30
2647,1.38,2.12,-0.21
2652,2.47,2.49,-0.04
2655,3.19,2.92,0.13
2659,3.53,3.33,0.27
2665,3.52,3.55,0.35
2669,3.43,3.36,0.34
2675,3.28,2.77,0.26
2679,3.07,1.94,0.12
2685,2.82,0.98,-0.05
2690,2.60,-0.01,-0.21
2695,2.40,-0.91,-0.32
2699,2.21,-1.59,-0.34
2706,2.03,-1.99,-0.29
2714,1.90,-2.13,-0.19
2715,1.81,-2.09,-0.07
2721,1.77,-1.97,0.05
2725,1.78,-1.82,0.12
2730,1.85,-1.70,0.15
2736,1.97,-1.61,0.13
2741,2.12,-1.51,0.07
2746,2.31,-1.37,-0.00
2750,2.51,-1.12,-0.09
2754,2.73,-0.77,-0.15
2761,2.94,-0.35,-0.19
2765,3.15,0.05,-0.19
2769,3.34,0.41,-0.16
2775,3.52,0.69,-0.11
2781,3.66,0.90,-0.03
2784,3.77,1.04,0.06
2789,3.85,1.11,0.17
2796,3.87,1.14,0.29
2800,3.85,1.12,0.43
2805,3.78,1.06,0.56
2811,3.67,0.95,0.70
2815,3.54,0.81,0.82
2820,3.37,0.66,0.93
2828,3.19,0.51,1.01
2829,3.01,0.39,1.07
2836,2.82,0.30,1.09
2841,2.64,0.25,1.08
2846,2.49,0.21,1.05
2851,2.37,0.16,1.01
2856,2.27,0.12,0.96
2862,2.20,0.10,0.92
2868,2.14,0.13,0.89
2870,2.10,0.17,0.86
2878,2.09,0.24,0.86
2880,2.08,0.31,0.87
2886,2.07,0.35,0.89
2891,2.06,0.37,0.93
2895,2.04,0.37,0.97
2900,2.04,0.34,1.03
2906,2.04,0.33,1.07
2912,2.04,0.34,1.11
2916,2.03,0.36,1.13
2921,2.03,0.37,1.12
2925,2.02,0.39,1.09
2931,2.00,0.41,1.05
2937,1.96,0.43,1.00
2942,1.90,0.47,0.96
2948,1.81,0.50,0.93
2950,1.70,0.53,0.91
2955,1.58,0.54,0.91
2963,1.44,0.54,0.92
2965,1.30,0.52,0.95
2972,1.15,0.47,0.99
2978,1.00,0.38,1.03
2984,0.83,0.26,1.08
2986,0.68,0.13,1.12
2991,0.57,0.00,1.17
2997,0.48,-0.09,1.23
3001,0.40,-0.11,1.29
3007,0.35,-0.08,1.35
3011,0.33,-0.00,1.41
3024,0.32,0.12,1.46
3025,0.33,0.28,1.50
3030,0.34,0.46,1.52
3032,0.34,0.64,1.54
3037,0.34,0.80,1.54
3042,0.32,0.92,1.53
3047,0.30,0.98,1.52
3052,0.26,0.98,1.51
3057,0.22,0.94,1.51
3063,0.15,0.88,1.51
3067,0.09,0.82,1.50
3071,0.01,0.79,1.49
3078,-0.08,0.79,1.47
3081,-0.17,0.81,1.45
3088,-0.26,0.86,1.43
3091,-0.34,0.91,1.42
3096,-0.41,0.94,1.42
3100,-0.46,0.96,1.44
3105,-0.51,0.99,1.46
3113,-0.56,1.00,1.50
3119,-0.63,0.99,1.53
3123,-0.71,0.95,1.55
3128,-0.78,0.88,1.56
3131,-0.86,0.80,1.54
3136,-0.94,0.72,1.51
3141,-1.03,0.66,1.46
3146,-1.15,0.64,1.40
3152,-1.29,0.66,1.34
3158,-1.43,0.73,1.27
3163,-1.54,0.86,1.21
3167,-1.66,1.02,1.15
3172,-1.77,1.15,1.11
3180,-1.83,1.18,1.08
3182,-1.84,1.05,1.07
3187,-1.81,0.82,1.07
3192,-1.76,0.55,1.07
3198,-1.72,0.28,1.07
3203,-1.70,0.03,1.07
3208,-1.72,-0.20,1.05
3213,-1.80,-0.39,1.00
3218,-1.94,-0.45,0.90
3222,-2.16,-0.37,0.77
3228,-2.41,-0.14,0.62
3231,-2.68,0.22,0.44
3236,-2.96,0.66,0.24
3241,-3.26,1.12,0.05
3249,-3.60,1.55,-0.11
3251,-3.99,1.84,-0.24
3258,-4.45,1.88,-0.32
3264,-4.97,1.57,-0.37
3267,-5.52,0.96,-0.33
3272,-6.12,0.17,-0.23
3278,-6.77,-0.72,-0.06
3281,-7.43,-1.61,0.17
3287,-7.98,-2.31,0.43
3292,-8.38,-2.66,0.72
3298,-8.23,-5.17,0.99
3305,10.28,-17.45,0.44
3307,7.53,-17.42,0.47
3312,3.90,-7.05,0.43
3318,5.22,4.73,1.47
3323,1.76,14.95,2.07
3330,-1.17,17.46,2.07
3331,-2.81,17.44,1.29
3338,-4.51,15.95,0.45
3346,-5.33,8.66,-0.23
3347,-5.39,-0.31,-0.95
3353,-5.48,-7.25,-1.12
3358,-5.19,-11.68,-0.90
3363,-4.35,-13.28,-0.45
3368,-3.28,-12.23,0.02
3373,-2.14,-9.19,0.33
3380,-1.10,-4.93,0.47
3382,-0.20,-0.42,0.42
3388,0.61,3.41,0.30
3395,1.32,5.93,0.14
3398,1.81,7.00,-0.00
3402,2.08,6.71,-0.14
3407,2.21,5.32,-0.22
3412,2.17,3.35,-0.25
3418,1.94,1.36,-0.22
3423,1.61,-0.27,-0.14
3428,1.24,-1.41,0.01
3433,0.90,-2.10,0.19
3438,0.65,-2.40,0.36
3446,0.49,-2.36,0.48
3448,0.44,-2.13,0.51
3452,0.50,-1.84,0.47
3458,0.70,-1.59,0.36
3463,1.04,-1.38,0.22
3468,1.46,-1.14,0.09
3472,1.93,-0.81,-0.01
3480,2.42,-0.38,-0.05
3483,2.86,0.11,-0.03
3488,3.23,0.61,0.04
3493,3.52,1.06,0.16
3499,3.69,1.39,0.31
3504,3.78,1.57,0.47
3508,3.77,1.58,0.61
3513,3.69,1.44,0.71
3518,3.54,1.17,0.78
3522,3.34,0.81,0.83
3528,3.12,0.47,0.86
3532,2.88,0.17,0.90
3538,2.66,-0.03,0.95
3544,2.46,-0.13,0.99
3547,2.31,-0.18,1.05
3553,2.20,-0.19,1.10
3558,2.13,-0.19,1.14
3563,2.08,-0.18,1.16
3567,2.05,-0.19,1.15
3573,2.04,-0.20,1.12
3578,2.03,-0.18,1.05
3583,2.02,-0.08,0.95
3587,2.01,0.06,0.83
3592,2.00,0.23,0.72
3597,1.97,0.41,0.60
3603,1.94,0.58,0.50
3608,1.89,0.72,0.41
3612,1.82,0.81,0.33
3619,1.76,0.84,0.28
3623,1.68,0.81,0.23
3629,1.61,0.74,0.22
3633,1.54,0.63,0.22
3638,1.49,0.52,0.24
3644,1.44,0.41,0.27
3652,1.39,0.32,0.30
3653,1.33,0.27,0.33
3658,1.28,0.26,0.35
3667,1.23,0.30,0.35
3670,1.18,0.37,0.33
3675,1.13,0.46,0.29
3680,1.08,0.54,0.24
3684,1.03,0.61,0.16
3688,0.98,0.66,0.09
3695,0.93,0.68,0.03
3698,0.89,0.69,-0.03
3703,0.85,0.67,-0.07
3708,0.82,0.65,-0.10
3713,0.78,0.63,-0.11
3720,0.75,0.61,-0.12
3724,0.71,0.59,-0.11
3730,0.67,0.55,-0.10
3734,0.63,0.52,-0.09
3739,0.58,0.49,-0.06
3745,0.54,0.48,-0.02
3751,0.50,0.48,0.02
3754,0.45,0.47,0.06
3762,0.41,0.47,0.08
3765,0.36,0.45,0.09
3768,0.32,0.42,0.09
3773,0.26,0.36,0.08
3784,0.21,0.29,0.07
3792,0.16,0.22,0.04
3794,0.10,0.14,0.02
3795,0.03,0.08,-0.01
3800,-0.03,0.02,-0.03
3804,-0.10,-0.02,-0.05
3809,-0.16,-0.03,-0.05
3814,-0.22,-0.01,-0.05
3820,-0.28,0.03,-0.05
3824,-0.35,0.09,-0.06
3830,-0.40,0.14,-0.07
3834,-0.45,0.17,-0.09
3840,-0.50,0.19,-0.12
3846,-0.54,0.18,-0.16
3849,-0.58,0.14,-0.20
3855,-0.61,0.08,-0.24
3859,-0.65,0.01,-0.28
3865,-0.69,-0.08,-0.31
3869,-0.75,-0.20,-0.32
3875,-0.82,-0.35,-0.32
3879,-0.88,-0.47,-0.31
3884,-0.93,-0.56,-0.30
3890,-0.97,-0.61,-0.26
3895,-1.01,-0.57,-0.24
3900,-1.05,-0.48,-0.22
3905,-1.08,-0.36,-0.23
3909,-1.10,-0.23,-0.26
3915,-1.13,-0.06,-0.31
3920,-1.18,0.15,-0.38
3925,-1.23,0.37,-0.44
3930,-1.32,0.57,-0.47
3934,-1.44,0.71,-0.48
3940,-1.60,0.77,-0.46
3947,-1.77,0.76,-0.43
3949,-1.98,0.73,-0.38
3955,-2.19,0.70,-0.33
3960,-2.44,0.64,-0.29
3968,-2.76,0.54,-0.30
3969,-3.12,0.45,-0.36
3974,-3.50,0.41,-0.46
3981,-3.91,0.43,-0.58
3985,-4.39,0.54,-0.72
3990,-4.94,0.69,-0.87
3998,-5.51,0.77,-1.00
4003,-6.06,0.72,-1.10
4004,-6.61,0.54,-1.13
4014,-7.15,0.19,-1.09
4015,-7.61,-0.40,-0.99
4021,-7.93,-1.14,-0.82
4024,-8.11,-1.88,-0.60
4030,-8.15,-2.50,-0.33
4035,-2.96,-1.86,-0.07
4040,12.10,5.90,0.54
4047,6.08,8.75,1.31
4049,7.94,6.20,1.52
4055,8.70,0.09,-0.34
4060,-0.24,-2.99,-0.18
4065,-3.56,-4.60,-0.38
4070,-4.77,-7.12,-0.71
4075,-7.57,-8.29,-0.14
4081,-8.56,-7.89,0.29
4085,-7.64,-7.28,0.55
4090,-7.06,-6.60,0.94
4097,-5.89,-5.79,1.06
4100,-3.77,-4.92,0.89
4106,-1.70,-3.76,0.53
4114,0.14,-2.25,0.16
4115,1.89,-0.55,-0.13
4121,3.26,1.24,-0.26
4125,4.17,2.99,-0.20
4131,4.71,4.44,0.01
4135,4.87,5.33,0.30
4142,4.68,5.47,0.60
4146,4.21,4.78,0.86
4151,3.55,3.42,1.00
4156,2.80,1.73,1.05
4163,2.02,0.04,1.04
4165,1.31,-1.35,1.02
4171,0.73,-2.24,1.02
4176,0.30,-2.62,1.06
4181,0.05,-2.62,1.11
4184,-0.03,-2.40,1.15
4191,0.02,-2.08,1.15
4197,0.19,-1.74,1.09
4200,0.47,-1.43,0.98
4205,0.82,-1.16,0.84
4210,1.17,-0.84,0.68
4215,1.49,-0.42,0.54
4221,1.84,-0.00,0.44
4226,2.20,0.34,0.42
4232,2.51,0.66,0.48
4235,2.76,1.01,0.61
4241,2.93,1.32,0.79
4246,3.01,1.56,1.01
4251,3.02,1.72,1.24
4260,2.96,1.80,1.45
4260,2.81,1.79,1.65
4265,2.60,1.71,1.81
4271,2.34,1.57,1.95
4276,2.04,1.39,2.06
4281,1.72,1.15,2.17
4287,1.42,0.85,2.27
4292,1.14,0.53,2.38
4298,0.89,0.22,2.47
4301,0.69,-0.05,2.55
4306,0.56,-0.24,2.60
4311,0.50,-0.31,2.61
4319,0.51,-0.24,2.58
4320,0.56,-0.03,2.52
4325,0.63,0.27,2.42
4334,0.70,0.57,2.32
4335,0.80,0.78,2.21
4341,0.92,0.87,2.13
4350,1.03,0.88,2.05
4351,1.11,0.85,1.99
4357,1.17,0.80,1.95
4362,1.20,0.73,1.94
4368,1.19,0.65,1.95
4372,1.15,0.58,1.98
4376,1.09,0.52,2.04
4381,1.03,0.49,2.10
4386,0.95,0.49,2.17
4392,0.88,0.47,2.21
4398,0.84,0.42,2.21
4401,0.83,0.33,2.18
4406,0.88,0.21,2.12
4415,0.98,0.12,2.04
4417,1.09,0.07,1.94
4422,1.20,0.10,1.81
4427,1.26,0.19,1.66
4433,1.22,0.30,1.47
4438,1.11,0.35,1.25
4441,0.94,0.34,1.01
4448,0.68,0.29,0.76
4453,0.31,0.18,0.53
4456,-0.11,0.05,0.34
4465,-0.56,-0.07,0.20
4473,-1.06,-0.13,0.13
4475,-1.60,-0.12,0.12
4476,-2.14,-0.09,0.13
4482,-2.69,-0.06,0.13
4485,-3.28,-0.02,0.10
4490,-3.93,0.05,0.06
4497,-4.61,0.16,-0.01
4502,-5.32,0.23,-0.09
4506,-6.01,0.23,-0.16
4518,-6.65,0.15,-0.21
4519,-7.24,0.04,-0.25
4522,-7.79,-0.10,-0.26
4527,-8.22,-0.29,-0.23
4534,-8.51,-0.57,-0.14
4537,-2.66,2.10,-0.10
4542,10.09,16.70,0.14
4547,3.19,15.71,1.42
4551,5.44,8.83,1.49
4556,6.13,-0.22,-0.98
4573,-1.93,-6.60,-0.47
4575,-4.71,-10.13,-0.34
4576,-5.52,-11.78,-0.50
4578,-8.07,-11.51,0.16
4583,-9.38,-9.65,0.65
4588,-8.88,-7.32,0.94
4592,-8.28,-5.13,1.07
4597,-7.55,-3.32,0.95
4602,-5.96,-2.03,0.55
4607,-3.99,-1.10,0.02
4613,-2.14,-0.35,-0.50
4616,-0.36,0.28,-0.90
4622,1.24,0.90,-1.13
4627,2.42,1.63,-1.20
4635,3.22,2.47,-1.10
4636,3.70,3.25,-0.90
4642,3.86,3.86,-0.65
4649,3.69,4.18,-0.43
4652,3.30,4.10,-0.28
4656,2.79,3.58,-0.20
4666,2.18,2.67,-0.21
4673,1.55,1.51,-0.27
4674,0.92,0.27,-0.34
4678,0.34,-0.90,-0.38
4685,-0.16,-1.88,-0.36
4686,-0.54,-2.56,-0.27
4693,-0.76,-2.93,-0.13
4698,-0.84,-3.01,0.02
4703,-0.79,-2.87,0.17
4708,-0.62,-2.53,0.28
4713,-0.37,-2.03,0.32
4718,-0.07,-1.42,0.30
4723,0.26,-0.79,0.24
4727,0.60,-0.18,0.15
4732,0.92,0.38,0.07
4737,1.21,0.89,0.02
4743,1.44,1.31,0.03
4751,1.62,1.65,0.11
4752,1.75,1.89,0.23
4758,1.84,1.99,0.40
4764,1.88,1.96,0.60
4774,1.86,1.81,0.81
4775,1.78,1.58,1.01
4781,1.67,1.27,1.21
4782,1.53,0.94,1.39
4788,1.34,0.64,1.56
4793,1.12,0.37,1.72
4799,0.94,0.14,1.88
4807,0.84,-0.05,2.06
4809,0.83,-0.16,2.24
4816,0.90,-0.22,2.42
4817,1.09,-0.24,2.59
4823,1.36,-0.21,2.72
4830,1.70,-0.12,2.81
4832,2.06,0.03,2.84
4838,2.42,0.20,2.81
4843,2.75,0.38,2.72
4849,3.04,0.56,2.57
4853,3.24,0.73,2.39
4858,3.37,0.85,2.21
4863,3.43,0.92,2.04
4873,3.42,0.94,1.89
4875,3.36,0.93,1.77
4880,3.26,0.91,1.67
4882,3.12,0.88,1.60
4888,2.92,0.85,1.54
4893,2.66,0.83,1.50
4899,2.36,0.79,1.45
4904,2.03,0.72,1.40
4909,1.72,0.59,1.34
4915,1.41,0.41,1.29
4919,1.14,0.22,1.25
4924,0.91,0.06,1.21
4930,0.78,-0.04,1.15
4934,0.74,-0.10,1.10
4938,0.81,-0.14,1.04
4943,0.98,-0.15,0.98
4949,1.23,-0.13,0.90
4952,1.50,-0.09,0.81
4958,1.71,-0.06,0.71
4966,1.82,-0.04,0.59
4971,1.80,-0.02,0.44
4973,1.58,0.04,0.24
4980,1.14,0.15,0.04
4983,0.47,0.34,-0.18
4987,-0.38,0.55,-0.40
4994,-1.41,0.76,-0.62
4999,-2.56,0.95,-0.83
5004,-3.73,1.04,-1.00
5009,-4.85,1.00,-1.10
5015,-5.93,0.79,-1.14
5019,-6.94,0.40,-1.13
5024,-7.84,-0.12,-1.07
5031,-8.61,-0.64,-0.97
5033,-9.25,-1.06,-0.84
5038,-9.79,-1.33,-0.67
5043,-10.43,-1.45,-0.47
5050,-8.42,-1.51,-0.23
5054,11.50,-3.65,-0.07
5059,2.47,-1.83,0.56
5066,0.93,1.80,0.58
5071,-1.12,4.42,0.85
5073,-2.89,4.55,1.06
5080,-4.85,3.73,0.90
5083,-6.39,1.87,0.61
5089,-7.35,-0.72,0.38
5094,-7.83,-3.04,0.25
5098,-7.88,-4.82,0.20
5104,-7.28,-5.77,0.24
5109,-6.31,-5.75,0.32
5117,-5.10,-4.85,0.37
5119,-3.69,-3.33,0.38
5125,-2.26,-1.46,0.33
5132,-0.97,0.49,0.26
5134,0.16,2.25,0.19
5139,1.08,3.56,0.11
5143,1.75,4.31,0.04
5149,2.17,4.48,-0.05
5155,2.40,4.13,-0.15
5163,2.43,3.38,-0.24
5164,2.33,2.41,-0.34
5169,2.14,1.45,-0.42
5174,1.90,0.64,-0.48
5179,1.66,0.06,-0.51
5184,1.42,-0.26,-0.50
5189,1.22,-0.36,-0.43
5194,1.07,-0.30,-0.32
5201,0.94,-0.17,-0.17
5204,0.87,-0.03,-0.02
5209,0.86,0.02,0.12
5216,0.90,-0.02,0.24
5220,0.99,-0.13,0.32
5225,1.11,-0.26,0.36
5232,1.24,-0.38,0.36
5234,1.39,-0.44,0.33
5239,1.54,-0.42,0.28
5244,1.70,-0.32,0.21
5250,1.86,-0.15,0.13
5254,2.01,0.05,0.04
5263,2.15,0.26,-0.06
5264,2.28,0.46,-0.18
5270,2.39,0.61,-0.31
5275,2.50,0.68,-0.45
5279,2.60,0.68,-0.59
5284,2.68,0.61,-0.73
5289,2.77,0.51,-0.85
5294,2.84,0.40,-0.93
5299,2.88,0.35,-0.97
5304,2.89,0.36,-0.97
5309,2.89,0.39,-0.94
5314,2.88,0.41,-0.90
5320,2.85,0.39,-0.85
5325,2.82,0.33,-0.83
5333,2.78,0.24,-0.82
5335,2.74,0.11,-0.85
5340,2.70,-0.04,-0.90
5344,2.66,-0.17,-0.98
5350,2.62,-0.26,-1.08
5354,2.57,-0.28,-1.19
5360,2.53,-0.24,-1.31
5366,2.48,-0.13,-1.43
5371,2.43,0.02,-1.53
5375,2.39,0.20,-1.62
5381,2.36,0.38,-1.68
5385,2.33,0.53,-1.72
5390,2.29,0.65,-1.74
5394,2.25,0.71,-1.75
5400,2.19,0.73,-1.75
5405,2.10,0.70,-1.74
5410,2.01,0.62,-1.73
5415,1.91,0.50,-1.72
5420,1.79,0.36,-1.72
5426,1.66,0.23,-1.72
5430,1.52,0.12,-1.73
5435,1.38,0.03,-1.73
5440,1.26,-0.03,-1.74
5447,1.14,-0.07,-1.76
5450,1.03,-0.08,-1.77
5454,0.94,-0.09,-1.78
5463,0.85,-0.07,-1.79
5468,0.78,-0.03,-1.79
5469,0.71,0.03,-1.78
5475,0.65,0.09,-1.76
5482,0.61,0.15,-1.75
5485,0.57,0.21,-1.73
5489,0.53,0.29,-1.71
5498,0.49,0.35,-1.70
5499,0.48,0.36,-1.68
5505,0.48,0.33,-1.65
5509,0.49,0.26,-1.62
5516,0.50,0.17,-1.58
5520,0.51,0.07,-1.54
5525,0.53,-0.03,-1.49
5531,0.57,-0.12,-1.43
5535,0.60,-0.19,-1.37
5542,0.64,-0.22,-1.31
5547,0.68,-0.24,-1.26
5550,0.71,-0.23,-1.22
5555,0.73,-0.19,-1.18
5560,0.75,-0.12,-1.14
5566,0.75,-0.03,-1.12
5570,0.74,0.04,-1.10
5576,0.71,0.09,-1.10
5582,0.69,0.10,-1.10
5590,0.67,0.09,-1.11
5591,0.63,0.05,-1.13
5595,0.60,-0.01,-1.15
5600,0.58,-0.06,-1.18
5605,0.57,-0.09,-1.21
5610,0.56,-0.09,-1.24
5615,0.55,-0.07,-1.26
5620,0.55,-0.05,-1.28
5628,0.55,-0.02,-1.30
5631,0.54,-0.01,-1.32
5636,0.54,-0.02,-1.34
5640,0.53,-0.04,-1.36
5648,0.52,-0.04,-1.38
5650,0.50,-0.04,-1.40
5656,0.48,-0.04,-1.43
5661,0.47,-0.06,-1.45
5666,0.46,-0.08,-1.47
5672,0.45,-0.11,-1.48
5676,0.44,-0.15,-1.49
5682,0.42,-0.20,-1.49
5686,0.40,-0.29,-1.48
5691,0.37,-0.39,-1.47
5698,0.34,-0.51,-1.45
5703,0.29,-0.63,-1.43
5706,0.25,-0.74,-1.40
5711,0.20,-0.84,-1.39
5718,0.18,-0.90,-1.37
5722,0.18,-0.92,-1.35
5726,0.20,-0.88,-1.34
5731,0.22,-0.80,-1.32
5736,0.26,-0.68,-1.30
5741,0.30,-0.54,-1.29
5748,0.33,-0.39,-1.28
5751,0.37,-0.25,-1.26
5756,0.39,-0.14,-1.23
5761,0.41,-0.08,-1.19
5766,0.41,-0.08,-1.14
5771,0.41,-0.13,-1.09
5776,0.41,-0.23,-1.04
5787,0.39,-0.33,-0.98
5788,0.35,-0.40,-0.93
5791,0.31,-0.46,-0.89
5799,0.30,-0.48,-0.85
5802,0.28,-0.46,-0.83
5806,0.22,-0.39,-0.81
5810,0.11,-0.30,-0.77
5816,-0.03,-0.20,-0.71
5823,-0.22,-0.10,-0.61
5826,-0.44,-0.03,-0.49
5832,-0.70,-0.04,-0.34
5836,-1.00,-0.14,-0.17
5841,-1.35,-0.29,0.01
5848,-1.72,-0.47,0.18
5851,-2.10,-0.65,0.34
5856,-2.48,-0.82,0.49
5861,-2.87,-0.96,0.63
5870,-3.26,-1.03,0.73
5871,-3.68,-1.05,0.77
5881,-4.13,-1.03,0.75
5883,-4.60,-0.95,0.66
5887,-5.09,-0.80,0.51
5892,-5.56,-0.60,0.32
5898,-6.00,-0.35,0.12
5901,-6.43,-0.09,-0.14
5907,-6.79,0.09,-0.36
5912,-7.07,0.14,-0.53
5917,-7.26,0.09,-0.66
5922,-7.36,-0.08,-0.73
5927,-7.32,-0.36,-0.73
5932,-7.17,-0.66,-0.69
5938,-6.95,-0.90,-0.62
5942,-6.64,-1.04,-0.52
5948,-0.61,-5.19,0.03
5951,0.13,-8.80,0.50
5957,4.26,-3.90,-1.29
5966,5.27,-0.91,-1.86
5967,7.07,5.12,-0.25
5972,0.65,13.62,0.80
5977,-0.83,17.46,0.65
5983,-1.69,17.46,-0.42
5987,-4.40,14.81,-1.17
5992,-5.36,6.66,-1.58
5998,-4.16,-2.89,-2.09
6002,-3.57,-12.34,-2.07
6007,-4.56,-14.94,-1.57
6012,-2.96,-15.64,-0.86
6019,-1.51,-14.57,-0.03
6023,-0.84,-11.28,0.57
6027,0.23,-6.86,0.86
6033,1.27,-2.22,0.89
6039,2.01,1.94,0.79
6044,2.73,5.11,0.57
6051,3.41,7.04,0.26
6053,3.83,7.62,-0.07
6060,4.06,6.92,-0.38
6062,4.20,5.26,-0.63
6068,4.15,3.15,-0.80
6073,3.89,1.08,-0.86
6078,3.50,-0.59,-0.82
6083,3.03,-1.65,-0.68
6088,2.51,-2.08,-0.47
6092,1.98,-1.99,-0.23
6099,1.49,-1.62,-0.03
6103,1.04,-1.22,0.09
6107,0.67,-0.99,0.11
6116,0.39,-0.98,0.01
6117,0.18,-1.10,-0.18
6122,0.07,-1.24,-0.45
6135,0.06,-1.21,-0.74
6136,0.14,-0.87,-1.05
6138,0.33,-0.20,-1.32
6142,0.61,0.71,-1.55
6149,0.98,1.73,-1.73
6153,1.42,2.74,-1.84
6158,1.90,3.58,-1.88
6162,2.34,4.17,-1.84
6167,2.68,4.41,-1.76
6173,2.86,4.22,-1.70
6178,2.86,3.59,-1.69
6183,2.70,2.59,-1.75
6188,2.39,1.34,-1.85
6192,1.94,0.06,-2.02
6198,1.41,-1.00,-2.23
6203,0.85,-1.67,-2.43
6211,0.30,-1.88,-2.57
6212,-0.25,-1.65,-2.63
6217,-0.80,-1.08,-2.62
6223,-1.29,-0.27,-2.54
6228,-1.69,0.67,-2.42
6233,-1.99,1.62,-2.26
6239,-2.25,2.41,-2.11
6243,-2.47,2.92,-1.98
6249,-2.66,3.14,-1.87
6255,-2.82,3.09,-1.75
6258,-2.04,3.14,-1.55
6263,5.38,7.35,-0.18
6269,0.56,9.89,-0.31
6273,2.36,7.75,-0.30
6278,1.56,3.59,-0.33
6282,0.82,2.16,-0.46
6291,-1.19,0.91,-0.36
6293,-1.83,0.01,-0.43
6299,-2.34,-0.81,-0.41
6304,-3.92,-1.23,-0.27
6309,-4.67,-1.76,-0.19
6314,-5.06,-2.13,-0.18
6318,-6.11,-2.27,-0.19
6323,-7.10,-3.01,-0.28
6328,-7.56,-4.17,-0.40
6334,-7.96,-4.72,-0.47
6339,-8.27,-4.53,-0.54
6344,-8.20,-4.07,-0.57
6350,-7.86,-3.66,-0.59
6353,-7.22,-3.21,-0.53
6359,-6.19,-2.73,-0.43
6369,-5.17,-2.23,-0.29
6375,-4.20,-1.67,-0.15
6380,-3.22,-1.05,-0.02
6381,-2.34,-0.40,0.10
6386,-1.65,0.21,0.19
6388,-1.10,0.67,0.25
6393,-0.72,0.87,0.28
6399,-0.55,0.78,0.27
6404,-0.52,0.38,0.23
6409,-0.58,-0.27,0.17
6415,-0.65,-1.04,0.10
6418,-0.69,-1.75,0.04
6424,-0.59,-2.31,-0.03
6430,-0.32,-2.66,-0.10
6435,0.08,-2.75,-0.17
6438,0.56,-2.64,-0.23
6443,1.12,-2.38,-0.29
6458,1.73,-2.04,-0.33
6459,2.37,-1.64,-0.34
6461,3.02,-1.19,-0.32
6465,3.64,-0.73,-0.27
6468,4.26,-0.28,-0.16
6473,4.81,0.08,0.01
6479,5.19,0.32,0.24
6484,5.42,0.47,0.49
6489,5.57,0.56,0.75
6495,5.63,0.56,0.98
6500,5.62,0.41,1.14
6505,5.58,0.15,1.23
6509,5.59,-0.16,1.22
6516,5.66,-0.44,1.14
6519,5.81,-0.66,1.02
6523,5.99,-0.78,0.92
6532,6.12,-0.74,0.89
6534,6.16,-0.55,0.92
6540,6.14,-0.35,0.99
6544,6.06,-0.28,1.08
6551,5.93,-0.40,1.13
6553,5.74,-0.71,1.11
6559,5.46,-1.16,0.99
6567,5.05,-1.72,0.80
6568,4.54,-2.29,0.51
6573,3.97,-2.82,0.17
6580,3.37,-3.26,-0.19
6585,2.76,-3.59,-0.52
6590,2.18,-3.82,-0.76
6593,1.58,-3.91,-0.88
6601,0.99,-3.80,-0.87
6604,0.44,-3.50,-0.78
6611,-0.06,-3.05,-0.65
6615,-0.45,-2.51,-0.50
6620,-0.72,-1.97,-0.37
6624,-0.89,-1.50,-0.28
6629,-0.96,-1.14,-0.22
6634,-0.94,-0.88,-0.19
6640,-0.86,-0.69,-0.20
6645,-0.76,-0.52,-0.23
6649,-0.66,-0.36,-0.27
6656,-0.58,-0.20,-0.33
6660,-0.52,-0.02,-0.39
6666,-0.51,0.16,-0.43
6670,-0.54,0.36,-0.46
6674,-0.61,0.56,-0.47
6684,-0.73,0.73,-0.48
6685,-0.88,0.86,-0.48
6694,-1.06,0.92,-0.48
6698,-1.26,0.92,-0.48
6703,-1.45,0.87,-0.48
6704,-1.62,0.77,-0.47
6710,-1.77,0.64,-0.46
6716,-1.89,0.48,-0.45
6720,-1.98,0.29,-0.43
6725,-2.05,0.08,-0.39
6730,-2.08,-0.12,-0.35
6734,-2.08,-0.28,-0.30
6740,-2.04,-0.38,-0.25
6745,-1.96,-0.40,-0.19
6750,-1.85,-0.33,-0.13
6754,-1.72,-0.21,-0.07
6760,-1.56,-0.04,-0.03
6768,-1.38,0.17,0.01
6770,-1.18,0.40,0.05
6775,-0.99,0.64,0.07
6780,-0.80,0.87,0.09
6785,-0.61,1.07,0.11
6790,-0.46,1.25,0.13
6795,-0.33,1.38,0.15
6801,-0.25,1.45,0.17
6805,-0.18,1.48,0.18
6811,-0.14,1.47,0.19
6816,-0.12,1.42,0.20
6820,-0.13,1.33,0.20
6825,-0.16,1.21,0.20
6830,-0.21,1.07,0.20
6836,-0.28,0.92,0.20
6840,-0.36,0.77,0.19
6848,-0.44,0.62,0.18
6851,-0.52,0.49,0.17
6856,-0.58,0.38,0.16
6862,-0.64,0.28,0.16
6866,-0.68,0.18,0.16
6870,-0.70,0.09,0.16
6875,-0.72,0.01,0.16
6880,-0.72,-0.05,0.16
6885,-0.69,-0.10,0.16
6891,-0.65,-0.12,0.15
6895,-0.59,-0.12,0.14
6901,-0.52,-0.12,0.14
6905,-0.44,-0.10,0.12
6910,-0.35,-0.08,0.11
6917,-0.27,-0.06,0.10
6926,-0.20,-0.02,0.10
6928,-0.16,0.03,0.09
6930,-0.13,0.10,0.09
6935,-0.12,0.16,0.08
6940,-0.12,0.24,0.06
6945,-0.13,0.30,0.03
6950,-0.14,0.35,0.01
6955,-0.14,0.39,-0.02
6960,-0.15,0.41,-0.05
6967,-0.13,0.40,-0.08
6971,-0.09,0.36,-0.11
6975,-0.03,0.27,-0.14
6983,0.04,0.14,-0.16
6985,0.12,-0.03,-0.17
6991,0.20,-0.21,-0.18
6999,0.27,-0.40,-0.19
7000,0.33,-0.58,-0.20
7005,0.40,-0.73,-0.21
7011,0.45,-0.84,-0.22
7016,0.49,-0.90,-0.24
7021,0.50,-0.94,-0.27
7026,0.50,-0.95,-0.29
7032,0.48,-0.93,-0.32
7036,0.45,-0.89,-0.35
7041,0.41,-0.84,-0.37
7046,0.36,-0.78,-0.39
7054,0.30,-0.74,-0.39
7059,0.24,-0.69,-0.39
7063,0.17,-0.66,-0.37
7066,0.09,-0.63,-0.33
7070,0.00,-0.61,-0.28
7076,-0.09,-0.60,-0.23
7083,-0.17,-0.59,-0.19
7085,-0.24,-0.57,-0.13
7091,-0.28,-0.57,-0.07
7096,-0.34,-0.57,-0.01
7101,-0.41,-0.54,0.01
7105,-0.46,-0.47,0.03
7111,-0.49,-0.35,0.05
7121,-0.50,-0.20,0.07
7124,-0.50,-0.05,0.08
7126,-0.50,0.10,0.08
7136,-0.52,0.24,0.07
7138,-0.56,0.37,0.06
7143,-0.60,0.47,0.06
7146,-0.65,0.53,0.07
7152,-0.71,0.54,0.08
7155,-0.77,0.52,0.09
7161,-0.86,0.46,0.11
7167,-0.94,0.38,0.12
7170,-1.01,0.27,0.14
7177,-1.08,0.13,0.16
7181,-1.16,-0.01,0.17
7186,-1.22,-0.17,0.18
7191,-1.28,-0.34,0.17
7195,-1.35,-0.51,0.17
7205,-1.42,-0.69,0.17
7208,-1.47,-0.87,0.17
7211,-1.51,-1.02,0.18
7218,-1.52,-1.14,0.18
7222,-1.51,-1.21,0.18
7226,-1.51,-1.23,0.19
7234,-1.50,-1.23,0.21
7237,-1.47,-1.19,0.23
7242,-1.43,-1.15,0.24
7247,-1.37,-1.11,0.23
7252,-1.28,-1.08,0.22
7256,-1.17,-1.03,0.23
7263,-1.05,-0.98,0.25
7272,-0.94,-0.92,0.26
7282,-0.81,-0.87,0.26
7283,-0.66,-0.84,0.27
7284,-0.56,-0.83,0.23
7286,-0.46,-0.81,0.12
7293,-0.33,-0.78,0.02
7297,-0.18,-0.75,-0.04
7301,-0.04,-0.75,-0.06
7307,0.10,-0.77,-0.07
7312,0.27,-0.87,-0.11
7316,0.44,-1.02,-0.15
7321,0.63,-1.19,-0.19
7327,0.83,-1.36,-0.22
7334,1.01,-1.53,-0.29
7340,1.17,-1.67,-0.36
7342,1.30,-1.74,-0.40
7347,1.41,-1.76,-0.43
7352,1.53,-1.69,-0.47
7357,1.66,-1.54,-0.52
7362,1.72,-1.35,-0.55
7367,1.69,-1.13,-0.62
7372,1.64,-0.90,-0.65
7378,1.64,-0.62,-0.62
7384,1.58,-0.30,-0.56
7388,1.47,0.05,-0.47
7392,1.32,0.41,-0.37
7404,1.18,0.73,-0.27
7406,1.04,1.00,-0.16
7407,0.91,1.20,-0.07
7413,0.78,1.35,0.01
7419,0.66,1.45,0.06
7421,0.54,1.51,0.09
7427,0.44,1.53,0.10
7435,0.36,1.53,0.09
7437,0.30,1.53,0.06
7443,0.24,1.53,0.02
7450,0.22,1.53,-0.02
7452,0.19,1.52,-0.04
7458,0.18,1.51,-0.06
7463,0.17,1.49,-0.07
7469,0.16,1.47,-0.07
7473,0.15,1.45,-0.06
7478,0.13,1.47,-0.06
7485,0.11,1.49,-0.06
7487,0.10,1.52,-0.06
7493,0.10,1.54,-0.07
7500,0.10,1.53,-0.08
7504,0.12,1.48,-0.09
7509,0.14,1.41,-0.09
7512,0.15,1.33,-0.10
7518,0.15,1.25,-0.11
7522,0.14,1.18,-0.13
7527,0.12,1.10,-0.14
7536,0.10,1.00,-0.16
7538,0.09,0.89,-0.17
7543,0.07,0.76,-0.19
7550,0.06,0.63,-0.20
7552,0.03,0.50,-0.21
7559,0.01,0.40,-0.23
7563,-0.01,0.30,-0.24
7569,-0.05,0.22,-0.26
7573,-0.08,0.16,-0.26
7578,-0.11,0.12,-0.26
7584,-0.17,0.09,-0.27
7588,-0.21,0.07,-0.27
7593,-0.25,0.06,-0.27
7601,-0.27,0.07,-0.26
7604,-0.30,0.09,-0.26
7608,-0.32,0.11,-0.26
7613,-0.34,0.14,-0.26
7618,-0.35,0.18,-0.27
7624,-0.37,0.26,-0.28
7628,-0.39,0.35,-0.30
7634,-0.40,0.43,-0.33
7639,-0.41,0.49,-0.35
7644,-0.42,0.54,-0.37
7654,-0.43,0.55,-0.38
7655,-0.42,0.53,-0.39
7663,-0.43,0.47,-0.41
7666,-0.44,0.38,-0.42
7670,-0.44,0.26,-0.44
7673,-0.42,0.12,-0.45
7678,-0.39,-0.03,-0.46
7685,-0.35,-0.16,-0.47
7689,-0.31,-0.28,-0.49
7694,-0.26,-0.37,-0.50
7700,-0.23,-0.43,-0.51
7704,-0.20,-0.47,-0.52
7709,-0.18,-0.48,-0.52
7713,-0.16,-0.48,-0.51
7720,-0.14,-0.46,-0.51
7724,-0.12,-0.43,-0.50
7731,-0.11,-0.38,-0.48
7733,-0.09,-0.32,-0.47
7739,-0.07,-0.25,-0.45
7743,-0.05,-0.18,-0.44
7749,-0.02,-0.10,-0.42
7753,0.02,-0.03,-0.41
7759,0.08,0.05,-0.40
7763,0.14,0.12,-0.40
7768,0.21,0.17,-0.41
7774,0.27,0.21,-0.41
7778,0.34,0.25,-0.42
7784,0.40,0.28,-0.43
7789,0.47,0.29,-0.44
7797,0.55,0.29,-0.45
7799,0.62,0.26,-0.45
7803,0.69,0.23,-0.46
7809,0.75,0.19,-0.47
7814,0.80,0.16,-0.48
7820,0.85,0.13,-0.48
7823,0.89,0.11,-0.47
7829,0.91,0.10,-0.46
7834,0.92,0.12,-0.45
7838,0.93,0.17,-0.44
7843,0.93,0.24,-0.43
7851,0.93,0.34,-0.42
7855,0.94,0.43,-0.41
7865,0.95,0.54,-0.40
7867,0.97,0.63,-0.40
7868,1.01,0.71,-0.40
7874,1.04,0.76,-0.39
7878,1.05,0.79,-0.37
7885,1.06,0.79,-0.35
7890,1.06,0.77,-0.33
7895,1.06,0.72,-0.30
7901,1.07,0.63,-0.28
7903,1.06,0.49,-0.27
7910,1.04,0.34,-0.26
7917,1.00,0.19,-0.27
7919,0.97,0.05,-0.29
7924,0.94,-0.07,-0.32
7929,0.90,-0.17,-0.36
7936,0.87,-0.26,-0.41
7942,0.84,-0.32,-0.48
7945,0.83,-0.37,-0.54
7949,0.83,-0.42,-0.61
7954,0.86,-0.45,-0.67
7960,0.90,-0.48,-0.72
7965,0.93,-0.50,-0.75
7969,0.94,-0.51,-0.76
7974,0.94,-0.51,-0.75
7980,0.94,-0.50,-0.72
7985,0.94,-0.48,-0.67
7989,0.92,-0.46,-0.61
7995,0.90,-0.43,-0.55
8000,0.87,-0.40,-0.49
8004,0.84,-0.38,-0.44
8010,0.80,-0.37,-0.40
8014,0.77,-0.37,-0.37
8019,0.75,-0.37,-0.36
8025,0.74,-0.38,-0.36
8029,0.74,-0.38,-0.37
8034,0.75,-0.36,-0.39
8039,0.75,-0.32,-0.42
8044,0.77,-0.26,-0.45
8052,0.78,-0.18,-0.47
8058,0.79,-0.11,-0.49
8060,0.80,-0.05,-0.50
8068,0.80,-0.00,-0.51
8069,0.79,0.02,-0.51
8075,0.78,0.03,-0.51
8080,0.76,0.00,-0.51
8085,0.74,-0.05,-0.50
8091,0.71,-0.11,-0.48
8095,0.68,-0.18,-0.46
8101,0.65,-0.24,-0.43
8105,0.62,-0.27,-0.42
8109,0.60,-0.28,-0.40
8115,0.58,-0.26,-0.38
8120,0.57,-0.21,-0.36
8125,0.54,-0.14,-0.34
8130,0.51,-0.07,-0.33
8136,0.49,0.00,-0.33
8140,0.45,0.07,-0.33
8145,0.41,0.12,-0.34
8151,0.36,0.15,-0.35
8155,0.30,0.15,-0.37
8160,0.23,0.14,-0.39
8173,0.16,0.12,-0.42
8174,0.10,0.09,-0.44
8176,0.04,0.05,-0.45
8180,-0.01,0.03,-0.44
8184,-0.05,0.04,-0.43
8191,-0.07,0.07,-0.39
8195,-0.09,0.11,-0.35
8201,-0.10,0.14,-0.31
8206,-0.11,0.12,-0.27
8211,-0.14,0.03,-0.23
8217,-0.16,-0.10,-0.21
8220,-0.20,-0.26,-0.19
8225,-0.26,-0.40,-0.19
8231,-0.33,-0.52,-0.20
8235,-0.42,-0.58,-0.21
8240,-0.49,-0.58,-0.22
8245,-0.56,-0.51,-0.23
8251,-0.62,-0.38,-0.24
8256,-0.66,-0.22,-0.24
8261,-0.68,-0.06,-0.24
8267,-0.68,0.07,-0.24
8270,-0.66,0.16,-0.23
8275,-0.64,0.20,-0.24
8288,-0.63,0.15,-0.25
8289,-0.66,0.00,-0.28
8290,-0.68,-0.22,-0.34
8295,-0.73,-0.49,-0.41
8302,-0.82,-0.78,-0.48
8306,-0.93,-1.02,-0.55
8310,-1.12,-1.15,-0.60
8316,-1.31,-1.13,-0.64
8320,-1.51,-0.96,-0.64
8326,-1.72,-0.67,-0.61
8330,-1.94,-0.24,-0.54
8336,-2.13,0.26,-0.46
8341,-2.29,0.73,-0.36
8348,-2.40,1.06,-0.27
8350,-2.51,1.23,-0.18
8355,-2.65,1.22,-0.10
8361,-2.86,1.06,-0.05
8368,-3.16,0.75,0.01
8370,-3.55,0.31,0.07
8376,-4.04,-0.16,0.16
8381,-4.61,-0.56,0.28
8388,-5.23,-0.82,0.42
8390,-5.84,-0.89,0.58
8396,-6.40,-0.77,0.74
8402,-6.89,-0.49,0.88
8405,-7.30,-0.17,0.98
8417,-7.59,0.06,1.04
8420,-7.40,-0.23,1.07
8421,6.73,-6.36,0.92
8427,4.21,-6.71,1.27
8431,2.08,0.28,1.37
8437,2.61,2.69,1.34
8440,-0.20,4.32,1.89
8446,-2.40,6.05,2.02
8452,-3.69,6.27,1.61
8456,-5.24,4.21,1.12
8460,-6.16,1.28,0.64
8467,-6.22,-1.75,0.19
8477,-5.79,-4.23,-0.18
8479,-5.39,-5.76,-0.40
8481,-4.74,-6.30,-0.52
8486,-3.70,-5.97,-0.54
8491,-2.56,-4.87,-0.51
8496,-1.55,-3.16,-0.47
8501,-0.63,-1.20,-0.45
8506,0.25,0.59,-0.44
8511,1.02,1.95,-0.45
8518,1.65,2.78,-0.46
8521,2.14,3.10,-0.51
8526,2.51,2.98,-0.57
8533,2.77,2.53,-0.61
8538,2.96,1.89,-0.66
8540,3.07,1.23,-0.67
8545,3.14,0.65,-0.67
8551,3.17,0.21,-0.63
8556,3.17,-0.08,-0.55
8561,3.13,-0.21,-0.43
8568,3.06,-0.22,-0.30
8572,2.98,-0.16,-0.17
8576,2.88,-0.10,-0.05
8585,2.77,-0.08,0.05
8587,2.66,-0.12,0.13
8592,2.56,-0.22,0.19
8598,2.47,-0.35,0.23
8603,2.38,-0.51,0.25
8606,2.30,-0.65,0.26
8612,2.23,-0.73,0.26
8618,2.17,-0.73,0.27
8622,2.13,-0.62,0.26
8627,2.10,-0.42,0.26
8634,2.08,-0.18,0.26
8637,2.05,0.08,0.26
8641,2.03,0.30,0.26
8647,2.06,0.43,0.28
8657,2.15,0.43,0.31
8659,2.24,0.34,0.35
8662,2.32,0.21,0.42
8667,2.40,0.05,0.49
8672,2.45,-0.08,0.56
8676,2.47,-0.15,0.64
8684,2.46,-0.14,0.72
8687,2.44,-0.06,0.78
8692,2.39,0.06,0.83
8697,2.32,0.19,0.87
8704,2.24,0.30,0.88
8706,2.13,0.37,0.88
8716,2.01,0.38,0.86
8718,1.87,0.36,0.83
8722,1.72,0.31,0.78
8727,1.56,0.23,0.73
8733,1.40,0.13,0.67
8737,1.25,0.03,0.62
8742,1.11,-0.07,0.57
8748,0.99,-0.17,0.54
8753,0.88,-0.28,0.51
8757,0.81,-0.38,0.49
8762,0.77,-0.45,0.47
8770,0.78,-0.48,0.44
8772,0.79,-0.45,0.41
8777,0.82,-0.40,0.37
8783,0.86,-0.31,0.31
8787,0.90,-0.21,0.25
8792,0.93,-0.10,0.17
8798,0.96,0.01,0.09
8803,0.99,0.11,0.01
8807,1.01,0.21,-0.06
8812,1.01,0.29,-0.11
8818,1.00,0.35,-0.15
8822,0.99,0.37,-0.17
8829,0.96,0.36,-0.18
8833,0.92,0.32,-0.17
8838,0.90,0.25,-0.16
8842,0.87,0.17,-0.13
8848,0.85,0.09,-0.09
8853,0.83,0.04,-0.05
8858,0.82,0.02,-0.01
8863,0.82,0.05,0.04
8871,0.82,0.13,0.09
8872,0.80,0.25,0.14
8878,0.79,0.38,0.18
8883,0.78,0.50,0.21
8891,0.76,0.60,0.24
8893,0.74,0.66,0.25
8898,0.71,0.69,0.25
8903,0.67,0.69,0.24
8908,0.62,0.65,0.22
8912,0.57,0.57,0.20
8919,0.50,0.45,0.19
8922,0.42,0.33,0.18
8927,0.33,0.23,0.17
8935,0.22,0.15,0.16
8938,0.11,0.09,0.15
8942,-0.00,0.08,0.14
8951,-0.10,0.10,0.12
8953,-0.21,0.17,0.12
8957,-0.32,0.30,0.11
8962,-0.42,0.47,0.11
8968,-0.52,0.65,0.12
8974,-0.62,0.77,0.12
8979,-0.70,0.81,0.11
8986,-0.77,0.76,0.09
8989,-0.85,0.62,0.06
8992,-0.94,0.41,0.04
9001,-1.04,0.15,0.01
9009,-1.15,-0.10,-0.02
9010,-1.27,-0.28,-0.04
9013,-1.43,-0.35,-0.05
9020,-1.65,-0.30,-0.05
9023,-1.89,-0.13,-0.02
9027,-2.16,0.13,0.03
9035,-2.46,0.44,0.08
9039,-2.82,0.75,0.14
9042,-3.26,0.98,0.21
9048,-3.76,1.04,0.27
9056,-4.32,0.96,0.29
9058,-4.93,0.75,0.27
9062,-5.58,0.43,0.23
9068,-6.28,0.02,0.18
9074,-6.97,-0.40,0.12
9079,-7.60,-0.72,0.06
9083,-8.17,-0.86,0.02
9089,-8.66,-0.82,-0.00
9094,-9.06,-0.58,-0.02
9104,-9.38,-0.23,-0.05
9105,-9.55,0.10,-0.05
9114,-9.56,0.28,-0.02
9115,-0.85,-3.64,0.21
9122,8.38,-16.82,0.97
9123,3.44,-8.50,0.89
9128,5.05,-0.52,0.59
9134,6.30,5.18,1.00
9139,0.42,11.28,2.24
9144,-2.00,14.75,2.23
9148,-3.52,13.10,1.19
9155,-6.22,7.62,0.46
9159,-7.09,1.38,-0.23
9170,-6.44,-4.37,-1.08
9172,-6.68,-8.32,-1.28
9174,-6.76,-10.31,-1.09
9180,-5.65,-10.54,-0.76
9187,-4.24,-9.21,-0.34
9191,-3.06,-6.58,-0.01
9195,-1.96,-3.31,0.15
9202,-0.76,-0.17,0.19
9204,0.38,2.37,0.13
9209,1.41,4.06,0.02
9214,2.30,4.84,-0.16
9220,2.99,4.80,-0.36
9225,3.51,4.15,-0.55
9234,3.90,3.17,-0.70
9236,4.18,2.17,-0.81
9241,4.31,1.38,-0.88
9243,4.34,0.88,-0.88
9249,4.33,0.64,-0.84
9254,4.26,0.64,-0.75
9259,4.15,0.74,-0.64
9264,4.01,0.86,-0.52
9271,3.85,0.88,-0.42
9273,3.67,0.75,-0.36
9279,3.48,0.46,-0.32
9291,3.31,0.05,-0.33
9293,3.15,-0.41,-0.37
9296,3.01,-0.81,-0.42
9303,2.89,-1.09,-0.46
9305,2.81,-1.20,-0.48
9310,2.77,-1.09,-0.49
9315,2.77,-0.80,-0.47
9323,2.79,-0.38,-0.45
9324,2.86,0.07,-0.42
9329,2.94,0.45,-0.40
9336,3.03,0.72,-0.39
9339,3.12,0.83,-0.41
9344,3.20,0.80,-0.44
9352,3.28,0.69,-0.47
9356,3.36,0.57,-0.49
9360,3.41,0.52,-0.49
9365,3.47,0.57,-0.47
9369,3.50,0.72,-0.43
9375,3.52,0.90,-0.39
9380,3.49,1.04,-0.36
9386,3.43,1.08,-0.37
9390,3.35,0.99,-0.42
9395,3.25,0.76,-0.53
9401,3.11,0.42,-0.67
9411,2.94,0.02,-0.84
9412,2.78,-0.35,-1.03
9414,2.59,-0.64,-1.19
9420,2.40,-0.81,-1.33
9424,2.23,-0.83,-1.42
9430,2.09,-0.75,-1.47
9436,1.96,-0.61,-1.49
9441,1.82,-0.49,-1.50
9445,1.66,-0.42,-1.54
9452,1.47,-0.45,-1.64
9455,1.25,-0.60,-1.79
9460,1.01,-0.82,-2.00
9466,0.79,-1.06,-2.26
9473,0.60,-1.25,-2.57
9475,0.45,-1.33,-2.91
9479,0.35,-1.25,-3.25
9485,0.30,-1.00,-3.58
9491,0.30,-0.63,-3.87
9496,0.35,-0.18,-4.09
9503,0.45,0.32,-4.25
9505,0.57,0.80,-4.35
9509,0.69,1.23,-4.39
9515,0.79,1.54,-4.36
9529,0.86,1.69,-4.29
9531,0.86,1.66,-4.19
9532,0.79,1.53,-4.09
9536,0.65,1.32,-4.02
9541,0.49,1.12,-3.96
9545,0.30,0.99,-3.91
9553,0.06,0.96,-3.86
9556,-0.20,1.05,-3.84
9561,-0.40,1.25,-3.85
9565,-0.57,1.51,-3.88
9571,-0.71,1.75,-3.87
9578,-0.85,1.91,-3.83
9580,-1.02,1.96,-3.74
9585,-1.23,1.86,-3.61
9591,-1.50,1.60,-3.42
9596,-1.84,1.16,-3.19
9602,-2.25,0.55,-2.93
9606,-2.74,-0.24,-2.64
9610,-3.30,-1.12,-2.21
9616,-3.93,-1.95,-1.75
9625,-4.55,-2.64,-1.33
9632,-5.17,-3.20,-0.86
9635,-5.79,-3.61,-0.41
9636,-6.35,-3.87,0.05
9641,-6.78,-3.95,0.50
9646,-7.11,-3.78,0.91
9653,-7.34,-3.40,1.26
9655,-6.31,-5.19,1.62
9660,10.34,-16.88,2.17
9666,4.79,-13.06,2.42
9677,2.53,-2.65,2.17
9678,3.86,0.71,2.48
9683,1.43,4.25,3.52
9687,-1.57,8.91,3.57
9692,-3.63,10.22,3.04
9696,-5.15,8.33,2.38
9702,-6.19,5.13,1.79
9707,-6.93,0.92,1.30
9711,-7.04,-3.51,0.92
9716,-6.73,-7.04,0.80
9726,-6.02,-9.48,0.88
9728,-4.81,-10.76,1.11
9730,-3.31,-10.72,1.38
9737,-1.73,-9.32,1.60
9741,-0.26,-6.84,1.71
9746,1.05,-3.76,1.76
9752,2.18,-0.66,1.77
9755,3.05,2.00,1.79
9760,3.64,3.99,1.80
9766,3.93,5.21,1.78
9777,3.94,5.62,1.74
9779,3.74,5.26,1.67
9783,3.37,4.32,1.58
9786,2.87,3.00,1.49
9793,2.25,1.53,1.43
9796,1.59,0.08,1.41
9803,0.95,-1.19,1.41
9808,0.39,-2.17,1.45
9812,-0.02,-2.84,1.50
9818,-0.27,-3.22,1.56
9821,-0.36,-3.33,1.62
9831,-0.26,-3.18,1.68
9832,-0.02,-2.80,1.74
9836,0.33,-2.30,1.81
9841,0.80,-1.71,1.89
9847,1.33,-1.04,1.97
9854,1.85,-0.28,2.04
9856,2.33,0.51,2.09
9861,2.74,1.25,2.12
9866,3.08,1.88,2.12
9874,3.31,2.35,2.10
9877,3.43,2.64,2.05
9881,3.46,2.72,1.98
9889,3.39,2.62,1.88
9894,3.24,2.33,1.78
9896,3.01,1.89,1.68
9904,2.70,1.34,1.59
9907,2.34,0.72,1.52
9911,1.94,0.10,1.48
9918,1.51,-0.49,1.46
9922,1.08,-1.04,1.46
9926,0.69,-1.49,1.49
9931,0.36,-1.77,1.53
9938,0.10,-1.80,1.56
9947,-0.07,-1.60,1.59
9949,-0.16,-1.24,1.60
9953,-0.16,-0.76,1.58
9957,-0.09,-0.23,1.55
9962,0.05,0.28,1.51
9967,0.24,0.75,1.45
9971,0.47,1.15,1.39
9976,0.73,1.46,1.32
9981,1.00,1.66,1.26
9987,1.24,1.74,1.19
9994,1.43,1.71,1.14
