31,-0.02,-0.09,0.02
5,-0.03,-0.10,0.02
11,-0.03,-0.11,0.02
15,-0.03,-0.11,0.02
20,-0.04,-0.10,0.02
28,-0.04,-0.08,0.02
30,-0.04,-0.06,0.02
35,-0.04,-0.03,0.02
40,-0.04,-0.00,0.02
45,-0.04,0.02,0.01
51,-0.04,0.04,0.01
56,-0.04,0.05,0.01
62,-0.05,0.06,0.01
66,-0.05,0.06,0.01
69,-0.05,0.05,0.01
79,-0.05,0.03,0.00
80,-0.06,0.01,0.01
86,-0.06,-0.02,0.01
90,-0.06,-0.06,0.01
99,-0.06,-0.09,0.02
99,-0.06,-0.12,0.02
106,-0.05,-0.14,0.02
115,-0.05,-0.15,0.03
116,-0.04,-0.16,0.04
120,-0.04,-0.17,0.05
125,-0.05,-0.18,0.06
134,-0.05,-0.18,0.06
136,-0.06,-0.18,0.07
141,-0.07,-0.17,0.06
145,-0.08,-0.15,0.06
151,-0.09,-0.14,0.06
155,-0.11,-0.14,0.06
161,-0.12,-0.14,0.06
166,-0.14,-0.15,0.06
171,-0.15,-0.15,0.05
175,-0.16,-0.14,0.05
181,-0.18,-0.15,0.05
185,-0.18,-0.15,0.05
191,-0.19,-0.17,0.05
195,-0.19,-0.19,0.06
201,-0.20,-0.21,0.06
206,-0.20,-0.26,0.06
212,-0.20,-0.31,0.07
216,-0.21,-0.39,0.07
221,-0.21,-0.48,0.07
229,-0.22,-0.60,0.07
232,-0.23,-0.74,0.06
236,-0.24,-0.90,0.06
241,-0.24,-1.09,0.06
246,-0.25,-1.28,0.05
252,-0.26,-1.48,0.05
256,-0.26,-1.68,0.05
266,-0.26,-1.89,0.04
267,-0.26,-2.11,0.03
271,-0.26,-2.35,0.03
275,-0.27,-2.61,0.04
282,-0.27,-2.86,0.05
287,-0.28,-3.11,0.06
291,-0.28,-3.34,0.07
296,-0.28,-3.54,0.08
301,-0.28,-3.74,0.08
306,-0.27,-3.90,0.09
318,-0.27,-4.05,0.10
318,-0.26,-4.19,0.11
321,-0.24,-4.33,0.13
329,-0.22,-4.46,0.16
332,-0.21,-4.60,0.19
336,-0.20,-4.75,0.22
341,-0.18,-4.92,0.26
347,-0.14,-5.13,0.32
351,-0.11,-5.35,0.38
356,-0.08,-5.57,0.46
362,-0.03,-5.79,0.56
367,0.03,-6.02,0.67
371,0.11,-6.24,0.78
379,0.23,-6.45,0.91
382,0.36,-6.65,1.02
388,0.49,-6.85,1.11
392,0.64,-7.04,1.19
397,0.77,-7.21,1.26
402,0.95,-7.34,1.33
407,1.14,-7.44,1.36
415,1.21,-7.57,1.27
417,1.37,-7.73,1.20
421,1.55,-7.90,1.19
428,1.70,-8.10,1.26
431,1.81,-8.29,1.36
436,1.91,-8.43,1.44
440,2.05,-8.53,1.46
446,2.23,-8.59,1.45
451,2.39,-8.60,1.42
455,2.52,-8.54,1.37
464,2.62,-8.43,1.31
467,2.71,-8.27,1.22
471,2.75,-8.06,1.11
479,2.72,-7.82,1.00
481,2.66,-7.56,0.90
488,2.56,-7.28,0.80
491,2.46,-7.00,0.69
496,2.35,-6.69,0.60
501,2.24,-6.40,0.52
508,2.12,-6.14,0.45
513,2.00,-5.91,0.39
516,1.85,-5.68,0.34
522,1.66,-5.43,0.27
530,1.46,-5.17,0.20
531,1.29,-4.90,0.19
537,1.10,-4.70,0.07
541,0.85,-4.52,-0.08
547,0.73,-4.36,-0.11
553,0.66,-4.18,-0.17
556,0.63,-3.93,-0.20
564,0.62,-3.59,-0.20
570,0.63,-3.17,-0.20
572,0.62,-2.72,-0.18
579,0.62,-2.25,-0.15
581,0.62,-1.82,-0.11
586,0.62,-1.45,-0.06
591,0.62,-1.19,0.00
597,0.62,-1.03,0.06
602,0.63,-0.97,0.11
607,0.63,-0.99,0.16
613,0.61,-1.09,0.19
617,0.58,-1.22,0.20
622,0.55,-1.38,0.22
630,0.52,-1.55,0.23
632,0.47,-1.70,0.24
637,0.41,-1.82,0.24
647,0.35,-1.91,0.23
648,0.28,-1.99,0.21
652,0.21,-2.06,0.19
657,0.14,-2.14,0.17
663,0.07,-2.26,0.14
667,-0.01,-2.41,0.12
672,-0.08,-2.61,0.09
679,-0.15,-2.82,0.06
682,-0.20,-3.03,0.02
687,-0.23,-3.20,-0.01
695,-0.27,-3.30,-0.04
697,-0.31,-3.32,-0.07
702,-0.34,-3.27,-0.10
708,-0.37,-3.15,-0.12
713,-0.41,-2.97,-0.13
718,-0.44,-2.76,-0.13
722,-0.46,-2.53,-0.12
729,-0.47,-2.31,-0.10
732,-0.49,-2.12,-0.07
738,-0.51,-1.97,-0.03
746,-0.53,-1.87,0.03
748,-0.56,-1.82,0.09
753,-0.54,-1.82,0.15
758,-0.51,-1.82,0.21
764,-0.49,-1.80,0.27
768,-0.46,-1.72,0.32
773,-0.43,-1.59,0.36
780,-0.41,-1.39,0.38
784,-0.40,-1.16,0.41
788,-0.39,-0.92,0.42
796,-0.38,-0.71,0.42
798,-0.36,-0.54,0.42
803,-0.34,-0.41,0.41
808,-0.32,-0.33,0.40
813,-0.28,-0.29,0.39
819,-0.26,-0.27,0.37
823,-0.22,-0.30,0.34
829,-0.18,-0.36,0.32
835,-0.13,-0.45,0.30
840,-0.09,-0.56,0.27
843,-0.05,-0.68,0.25
850,-0.00,-0.82,0.22
854,0.05,-0.96,0.19
859,0.11,-1.11,0.16
867,0.17,-1.25,0.13
868,0.23,-1.37,0.10
873,0.27,-1.45,0.08
879,0.32,-1.50,0.06
884,0.35,-1.49,0.04
888,0.40,-1.43,0.01
892,0.44,-1.32,0.02
898,0.47,-1.15,-0.02
904,0.51,-0.96,-0.03
908,0.53,-0.75,-0.04
913,0.55,-0.54,-0.04
919,0.58,-0.33,-0.03
923,0.60,-0.11,-0.02
930,0.60,0.11,-0.01
934,0.58,0.33,0.01
939,0.55,0.54,0.03
947,0.51,0.72,0.05
950,0.47,0.84,0.07
954,0.42,0.92,0.09
959,0.36,0.93,0.12
966,0.30,0.87,0.14
970,0.24,0.76,0.16
974,0.15,0.63,0.18
982,0.06,0.47,0.20
984,-0.02,0.25,0.23
990,-0.12,0.01,0.25
998,-0.22,-0.23,0.29
999,-0.32,-0.44,0.32
1003,-0.42,-0.61,0.35
1008,-0.51,-0.72,0.38
1015,-0.58,-0.77,0.39
1018,-0.64,-0.75,0.40
1023,-0.68,-0.69,0.40
1029,-0.71,-0.58,0.39
1033,-0.73,-0.44,0.38
1038,-0.74,-0.30,0.36
1045,-0.74,-0.16,0.33
1048,-0.73,-0.05,0.30
1053,-0.71,0.04,0.27
1058,-0.69,0.10,0.24
1064,-0.67,0.12,0.22
1069,-0.65,0.13,0.20
1073,-0.64,0.14,0.18
1081,-0.63,0.16,0.17
1084,-0.64,0.19,0.16
1088,-0.65,0.22,0.15
1097,-0.69,0.25,0.15
1099,-0.73,0.27,0.16
1103,-0.78,0.28,0.16
1108,-0.83,0.27,0.16
1115,-0.89,0.25,0.16
1119,-0.95,0.21,0.16
1123,-1.00,0.15,0.16
1131,-1.04,0.09,0.15
1133,-1.07,0.03,0.14
1138,-1.10,-0.01,0.13
1146,-1.13,-0.02,0.12
1148,-1.14,-0.02,0.10
1153,-1.16,0.00,0.08
1158,-1.17,0.02,0.07
1163,-1.18,0.02,0.06
1168,-1.18,0.01,0.06
1173,-1.16,-0.00,0.06
1181,-1.14,-0.01,0.06
1184,-1.11,-0.01,0.05
1189,-1.06,-0.00,0.04
1196,-1.01,0.02,0.02
1199,-0.93,0.04,0.00
1204,-0.84,0.07,-0.02
1210,-0.74,0.10,-0.05
1218,-0.63,0.14,-0.07
1221,-0.53,0.19,-0.09
1224,-0.41,0.27,-0.12
1230,-0.30,0.38,-0.14
1237,-0.21,0.52,-0.16
1239,-0.12,0.68,-0.18
1248,-0.04,0.85,-0.20
1249,0.01,0.99,-0.24
1254,0.05,1.06,-0.27
1259,0.12,1.08,-0.24
1264,0.23,1.13,-0.18
1270,0.32,1.20,-0.16
1275,0.37,1.28,-0.19
1282,0.44,1.30,-0.20
1285,0.55,1.27,-0.20
1290,0.68,1.23,-0.19
1296,0.78,1.19,-0.17
1300,0.83,1.16,-0.15
1305,0.87,1.15,-0.12
1310,0.89,1.17,-0.08
1318,0.90,1.23,-0.05
1320,0.90,1.31,-0.02
1326,0.90,1.39,-0.01
1331,0.90,1.48,-0.00
1335,0.90,1.58,-0.01
1340,0.90,1.67,-0.04
1346,0.90,1.76,-0.09
1350,0.91,1.83,-0.15
1355,0.94,1.88,-0.23
1360,0.98,1.91,-0.32
1365,1.04,1.89,-0.42
1370,1.08,1.83,-0.50
1375,1.11,1.72,-0.56
1380,1.12,1.60,-0.61
1384,1.14,1.48,-0.64
1389,1.16,1.38,-0.67
1397,1.17,1.30,-0.68
1399,1.16,1.27,-0.69
1404,1.13,1.27,-0.69
1413,1.11,1.26,-0.68
1415,1.11,1.23,-0.67
1419,1.11,1.19,-0.65
1425,1.13,1.15,-0.63
1432,1.15,1.11,-0.60
1438,1.17,1.07,-0.57
1439,1.22,1.04,-0.54
1448,1.27,1.00,-0.50
1450,1.30,0.96,-0.44
1454,1.32,0.93,-0.39
1464,1.34,0.91,-0.33
1465,1.35,0.89,-0.29
1470,1.36,0.89,-0.25
1475,1.36,0.89,-0.22
1481,1.35,0.91,-0.20
1485,1.32,0.94,-0.20
1491,1.27,1.00,-0.21
1499,1.21,1.07,-0.24
1500,1.15,1.15,-0.28
1505,1.09,1.22,-0.32
1515,1.04,1.27,-0.36
1516,0.99,1.28,-0.40
1520,0.96,1.25,-0.43
1525,0.91,1.20,-0.45
1539,0.84,1.12,-0.45
1540,0.76,1.04,-0.45
1542,0.69,0.96,-0.46
1548,0.63,0.87,-0.46
1553,0.59,0.78,-0.46
1557,0.56,0.68,-0.46
1563,0.54,0.58,-0.45
1565,0.52,0.50,-0.45
1571,0.51,0.45,-0.46
1576,0.50,0.42,-0.47
1581,0.50,0.42,-0.48
1586,0.51,0.41,-0.49
1592,0.53,0.41,-0.50
1597,0.54,0.40,-0.50
1602,0.57,0.40,-0.50
1607,0.63,0.38,-0.49
1615,0.68,0.38,-0.47
1616,0.72,0.41,-0.43
1621,0.74,0.48,-0.39
1626,0.75,0.56,-0.35
1633,0.75,0.66,-0.32
1637,0.74,0.74,-0.30
1641,0.73,0.81,-0.28
1647,0.72,0.85,-0.27
1651,0.70,0.88,-0.26
1656,0.69,0.88,-0.26
1664,0.68,0.86,-0.27
1666,0.68,0.80,-0.28
1672,0.70,0.69,-0.29
1677,0.70,0.56,-0.30
1682,0.71,0.41,-0.31
1686,0.69,0.28,-0.31
1690,0.67,0.17,-0.32
1697,0.65,0.08,-0.32
1701,0.62,-0.00,-0.32
1706,0.59,-0.07,-0.31
1713,0.54,-0.12,-0.30
1716,0.50,-0.13,-0.29
1721,0.45,-0.11,-0.27
1726,0.41,-0.07,-0.26
1733,0.37,-0.01,-0.24
1736,0.32,0.04,-0.22
1740,0.28,0.09,-0.20
1747,0.24,0.12,-0.17
1751,0.21,0.12,-0.13
1755,0.18,0.09,-0.10
1763,0.15,0.02,-0.07
1767,0.11,-0.06,-0.05
1771,0.06,-0.13,-0.04
1776,0.00,-0.22,-0.05
1788,-0.07,-0.30,-0.07
1789,-0.15,-0.37,-0.09
1791,-0.25,-0.41,-0.12
1797,-0.35,-0.42,-0.15
1803,-0.45,-0.41,-0.16
1809,-0.55,-0.37,-0.17
1814,-0.65,-0.31,-0.16
1817,-0.74,-0.25,-0.14
1822,-0.82,-0.18,-0.10
1827,-0.89,-0.12,-0.05
1833,-0.96,-0.07,0.01
1837,-1.03,-0.06,0.07
1842,-1.10,-0.07,0.11
1847,-1.17,-0.10,0.13
1853,-1.23,-0.15,0.13
1858,-1.28,-0.21,0.12
1863,-1.33,-0.23,0.10
1871,-1.38,-0.19,0.07
1873,-1.43,-0.10,0.03
1877,-1.47,0.05,-0.01
1885,-1.50,0.22,-0.05
1887,-1.54,0.39,-0.07
1892,-1.58,0.51,-0.07
1898,-1.61,0.57,-0.06
1903,-1.64,0.53,-0.03
1908,-1.66,0.39,-0.00
1913,-1.70,0.16,0.03
1917,-1.74,-0.15,0.07
1922,-1.76,-0.47,0.10
1932,-1.77,-0.73,0.13
1933,-1.79,-0.88,0.15
1937,-1.84,-0.86,0.19
1941,-1.92,-0.66,0.20
1947,-2.01,-0.28,0.21
1952,-2.14,0.20,0.20
1957,-2.34,0.68,0.21
1964,-2.61,1.08,0.20
1967,-2.91,1.31,0.17
1973,-3.20,1.31,0.13
1982,-3.49,1.09,0.07
1982,-3.81,0.68,-0.02
1986,-4.10,0.13,-0.12
1991,-4.33,-0.47,-0.22
1998,-4.51,-1.02,-0.31
2002,-5.11,-1.65,-0.39
2007,-1.79,-7.29,-0.53
2018,5.82,-10.32,-0.62
2019,0.39,-5.30,-0.23
2022,-0.05,-0.74,-0.05
2034,-0.40,2.87,0.14
2034,-1.19,5.34,0.21
2038,-1.85,6.16,0.15
2043,-2.16,5.37,-0.06
2047,-2.21,3.41,-0.32
2054,-2.12,0.94,-0.52
2059,-1.88,-1.46,-0.63
2066,-1.49,-3.24,-0.68
2068,-1.12,-4.11,-0.66
2073,-0.74,-4.05,-0.56
2082,-0.33,-3.25,-0.43
2084,0.05,-1.98,-0.28
2089,0.36,-0.54,-0.16
2093,0.62,0.72,-0.07
2098,0.84,1.58,-0.04
2104,0.99,1.97,-0.04
2109,1.09,1.96,-0.08
2115,1.20,1.68,-0.16
2119,1.22,1.22,-0.24
2123,1.22,0.72,-0.29
2129,1.22,0.26,-0.30
2133,1.23,-0.09,-0.28
2138,1.25,-0.33,-0.24
2143,1.29,-0.47,-0.18
2148,1.33,-0.55,-0.11
2153,1.38,-0.58,-0.06
2167,1.45,-0.61,-0.03
2168,1.53,-0.62,-0.02
2168,1.62,-0.60,-0.01
2172,1.71,-0.57,-0.00
2183,1.82,-0.51,0.02
2184,1.94,-0.41,0.05
2188,2.08,-0.27,0.10
2192,2.22,-0.13,0.16
2198,2.36,0.01,0.24
2204,2.48,0.12,0.32
2208,2.60,0.23,0.40
2219,2.69,0.32,0.47
2223,2.74,0.37,0.52
2226,2.76,0.37,0.55
2230,2.74,0.34,0.57
2234,2.69,0.30,0.56
2237,2.60,0.23,0.55
2243,2.49,0.14,0.53
2248,2.37,0.04,0.51
2253,2.24,-0.03,0.49
2259,2.09,-0.06,0.46
2265,1.93,-0.06,0.43
2270,1.76,-0.02,0.39
2275,1.60,0.04,0.35
2282,1.45,0.07,0.29
2284,1.33,0.05,0.24
2290,1.22,-0.03,0.18
2299,1.13,-0.16,0.12
2299,1.07,-0.29,0.05
2304,1.05,-0.42,-0.01
2309,1.05,-0.53,-0.05
2315,1.07,-0.57,-0.08
2320,1.10,-0.56,-0.12
2324,1.15,-0.50,-0.16
2330,1.22,-0.39,-0.23
2333,1.28,-0.23,-0.30
2339,1.33,-0.04,-0.38
2344,1.35,0.16,-0.43
2349,1.34,0.32,-0.47
2354,1.30,0.45,-0.48
2358,1.23,0.54,-0.46
2365,1.12,0.58,-0.40
2368,0.98,0.58,-0.32
2373,0.84,0.51,-0.24
2382,0.69,0.43,-0.17
2384,0.54,0.36,-0.11
2388,0.39,0.30,-0.07
2399,0.25,0.24,-0.05
2400,0.11,0.19,-0.05
2405,-0.00,0.17,-0.05
2413,-0.12,0.19,-0.05
2422,-0.26,0.27,-0.05
2424,-0.43,0.38,-0.04
2426,-0.62,0.46,-0.02
2430,-0.87,0.48,0.01
2434,-1.23,0.39,0.00
2439,-1.72,0.10,-0.04
2444,-2.25,-0.38,-0.05
2449,-2.69,-0.92,0.04
2455,-2.99,-1.24,0.24
2460,-3.15,-1.20,0.56
2464,-3.19,-0.91,0.92
2469,-3.14,-0.53,1.28
2475,-3.05,-0.20,1.58
2482,-2.91,0.16,1.82
2484,-3.21,0.43,1.98
2489,10.25,0.72,1.72
2500,10.43,2.16,2.37
2501,5.40,4.85,3.01
2505,6.88,5.78,2.77
2510,3.82,5.61,2.99
2516,0.06,3.46,2.88
2521,-1.95,1.03,1.89
2525,-3.69,-1.73,0.71
2534,-5.29,-4.32,0.21
2535,-6.06,-5.95,-0.10
2540,-6.42,-6.73,-0.24
2549,-6.61,-6.64,-0.22
2550,-6.41,-5.87,0.01
2554,-5.03,-4.39,0.10
2558,-3.62,-2.88,0.16
2564,-2.72,-1.25,0.33
2569,-1.70,0.10,0.44
2575,-0.74,1.00,0.52
2585,-0.07,1.48,0.58
2586,0.32,1.64,0.61
2589,0.45,1.56,0.60
2601,0.31,1.37,0.54
2602,-0.03,1.22,0.43
2605,-0.48,1.14,0.31
2610,-0.98,1.08,0.18
2615,-1.46,1.02,0.05
2620,-1.89,0.94,-0.07
2625,-2.23,0.82,-0.20
2634,-2.46,0.64,-0.29
2637,-2.54,0.38,-0.34
2640,-2.50,0.06,-0.32
2648,-2.40,-0.26,-0.26
2651,-2.26,-0.59,-0.14
2656,-2.01,-0.99,0.04
2660,-1.61,-1.41,0.26
2665,-1.08,-1.74,0.59
2670,-0.48,-1.86,0.90
2675,0.15,-1.74,1.22
2682,0.76,-1.26,1.53
2686,1.36,-0.54,1.91
2691,1.93,0.37,2.39
2695,2.40,1.36,2.79
2700,2.72,2.25,3.00
2705,2.95,2.92,3.14
2711,3.06,3.28,3.20
2716,3.03,3.26,3.16
2720,2.89,2.90,3.03
2725,2.63,2.29,2.83
2733,2.29,1.58,2.58
2736,1.93,0.79,2.35
2739,1.51,0.04,2.09
2751,1.10,-0.62,1.88
2752,0.72,-1.09,1.67
2762,0.42,-1.37,1.50
2763,0.24,-1.40,1.37
2767,0.17,-1.20,1.27
2770,0.19,-0.85,1.18
2775,0.25,-0.44,1.09
2783,0.35,-0.05,1.00
2785,0.48,0.25,0.89
2790,0.62,0.42,0.78
2798,0.75,0.45,0.68
2800,0.85,0.38,0.61
2805,0.93,0.27,0.57
2811,0.99,0.16,0.56
2816,1.02,0.09,0.58
2822,1.06,0.09,0.62
2826,1.08,0.13,0.69
2834,1.08,0.18,0.77
2836,1.07,0.23,0.86
2842,1.06,0.26,0.94
2845,1.04,0.28,1.02
2851,0.98,0.30,1.10
2856,0.86,0.36,1.19
2861,0.69,0.46,1.23
2867,0.42,0.59,1.24
2870,0.13,0.59,1.24
2875,-0.19,0.49,1.20
2883,-0.54,0.29,1.10
2888,-0.87,0.13,0.94
2889,-1.29,-0.20,0.74
2898,-1.71,-0.46,0.54
2900,-2.11,-0.52,0.34
2905,-2.53,-0.43,0.18
2912,-2.91,-0.22,0.07
2919,-3.25,0.03,0.01
2920,-3.59,0.26,-0.00
2926,-3.94,0.42,-0.00
2932,-4.29,0.44,0.00
2938,-4.63,0.29,-0.01
2941,-4.94,-0.03,-0.03
2949,-5.23,-0.45,-0.06
2951,-5.51,-0.91,-0.09
2957,-8.03,-2.39,-0.19
2962,6.90,-8.24,-0.13
2967,5.92,-6.10,0.45
2972,1.43,-2.49,0.63
2978,-0.47,3.11,0.86
2983,-0.77,5.18,0.87
2988,-3.05,5.18,0.58
2992,-4.17,3.18,0.30
2998,-4.23,0.22,-0.08
3001,-4.21,-3.00,-0.34
3006,-3.73,-5.40,-0.45
3012,-2.75,-6.47,-0.56
3017,-1.86,-6.21,-0.50
3021,-1.03,-4.77,-0.30
3025,-0.15,-2.55,-0.05
3032,0.61,-0.08,0.23
3036,1.16,2.09,0.51
3042,1.57,3.51,0.75
3050,1.83,4.04,0.91
3052,1.92,3.75,0.98
3057,1.90,2.93,0.97
3062,1.76,1.87,0.90
3066,1.52,0.83,0.81
3072,1.24,0.00,0.72
3077,0.96,-0.58,0.66
3082,0.72,-0.94,0.63
3087,0.57,-1.13,0.62
3092,0.53,-1.20,0.63
3098,0.60,-1.20,0.63
3101,0.72,-1.17,0.61
3106,0.89,-1.11,0.58
3112,1.07,-1.00,0.52
3116,1.26,-0.81,0.44
3122,1.44,-0.53,0.35
3127,1.61,-0.23,0.27
3132,1.78,0.02,0.20
3138,1.91,0.25,0.15
3143,2.03,0.43,0.12
3148,2.14,0.53,0.11
3153,2.22,0.51,0.12
3159,2.28,0.42,0.15
3162,2.33,0.30,0.19
3168,2.38,0.17,0.24
3173,2.42,0.04,0.31
3178,2.46,-0.07,0.38
3184,2.50,-0.15,0.45
3189,2.54,-0.18,0.49
3192,2.57,-0.16,0.50
3200,2.58,-0.10,0.48
3201,2.58,-0.02,0.44
3210,2.57,0.05,0.38
3214,2.53,0.14,0.31
3219,2.49,0.24,0.24
3221,2.42,0.34,0.17
3227,2.31,0.43,0.11
3231,2.18,0.54,0.05
3237,2.02,0.64,-0.01
3242,1.84,0.74,-0.05
3247,1.65,0.80,-0.09
3253,1.47,0.81,-0.13
3258,1.32,0.78,-0.16
3262,1.21,0.69,-0.17
3267,1.15,0.59,-0.16
3273,1.10,0.51,-0.14
3278,1.08,0.48,-0.12
3284,1.11,0.46,-0.10
3289,1.21,0.42,-0.06
3294,1.32,0.39,-0.00
3299,1.41,0.40,0.06
3303,1.48,0.47,0.13
3309,1.53,0.60,0.18
3317,1.56,0.79,0.24
3318,1.56,0.98,0.29
3321,1.56,1.15,0.35
3327,1.57,1.26,0.38
3334,1.57,1.32,0.40
3340,1.56,1.34,0.41
3343,1.54,1.31,0.42
3351,1.52,1.26,0.43
3353,1.46,1.17,0.43
3358,1.35,1.06,0.43
3362,1.21,0.93,0.42
3368,1.05,0.75,0.38
3374,0.90,0.56,0.32
3379,0.74,0.38,0.25
3386,0.57,0.25,0.15
3388,0.42,0.16,0.06
3393,0.30,0.14,-0.04
3400,0.24,0.20,-0.12
3404,0.24,0.32,-0.17
3409,0.29,0.52,-0.14
3413,0.38,0.80,-0.06
3418,0.49,1.13,0.08
3424,0.62,1.49,0.27
3428,0.71,1.87,0.50
3433,0.70,2.21,0.75
3439,0.52,2.49,0.98
3443,0.20,2.58,1.18
3449,-0.22,2.46,1.33
3453,-0.74,2.22,1.40
3458,-1.30,1.87,1.39
3462,-1.86,1.42,1.33
3468,-2.37,0.98,1.22
3472,-2.82,0.58,1.09
3479,-3.22,0.26,0.97
3487,-3.58,0.06,0.87
3488,-3.91,-0.06,0.79
3493,-4.25,-0.16,0.76
3500,-4.61,-0.30,0.75
3505,-5.01,-0.51,0.77
3509,-5.44,-0.78,0.81
3517,-6.29,-1.58,0.83
3519,-3.28,-14.94,0.98
3524,3.08,-17.45,0.11
3529,-4.67,-17.17,0.29
3535,-1.06,-10.86,1.76
3539,-1.91,3.12,2.39
3544,-2.96,14.00,2.44
3550,-3.45,17.46,2.51
3553,-3.94,17.46,2.51
3559,-3.78,17.37,2.16
3566,-3.64,15.05,1.63
3567,-3.80,5.95,1.40
3575,-2.20,-4.05,1.28
3579,-2.34,-8.85,1.00
3585,-2.20,-11.80,0.95
3589,-1.52,-12.76,0.94
3593,-1.16,-11.50,0.95
3603,-0.95,-8.52,1.05
3604,-0.72,-4.57,1.14
3609,-0.44,-0.49,1.18
3615,-0.12,3.03,1.12
3619,0.24,5.30,1.08
3623,0.60,6.20,1.09
3629,0.85,5.94,1.05
3635,0.97,4.83,1.00
3640,0.99,3.21,0.91
3644,0.91,1.43,0.81
3650,0.79,-0.19,0.70
3654,0.63,-1.40,0.61
3660,0.48,-2.05,0.51
3666,0.35,-2.16,0.40
3669,0.26,-1.88,0.28
3673,0.23,-1.33,0.16
3679,0.27,-0.62,0.04
3684,0.38,0.14,-0.06
3689,0.56,0.79,-0.10
3694,0.82,1.29,-0.06
3699,1.12,1.68,0.05
3704,1.40,1.96,0.25
3709,1.64,2.07,0.50
3716,1.81,2.02,0.80
3719,1.91,1.87,1.10
3724,1.94,1.71,1.38
3729,1.89,1.59,1.61
3734,1.78,1.53,1.79
3740,1.62,1.51,1.92
3744,1.41,1.49,1.98
3751,1.18,1.39,1.97
3755,0.94,1.13,1.93
3760,0.74,0.65,1.87
3766,0.63,-0.04,1.80
3769,0.62,-0.88,1.74
3775,0.69,-1.72,1.70
3780,0.81,-2.40,1.70
3784,0.95,-2.83,1.77
3789,1.14,-2.95,1.90
3794,1.39,-2.65,2.11
3799,1.64,-1.95,2.36
3804,1.90,-0.88,2.62
3810,2.16,0.33,2.90
3816,2.38,1.42,3.15
3820,2.53,2.33,3.37
3824,2.57,2.98,3.52
3832,2.48,3.23,3.61
3834,2.28,3.10,3.64
3840,2.00,2.55,3.58
3845,1.62,1.59,3.44
3856,1.14,0.35,3.25
3857,0.61,-0.90,3.01
3860,0.06,-1.91,2.75
3865,-0.47,-2.59,2.46
3870,-0.97,-2.91,2.21
3874,-1.45,-2.82,1.95
3880,-1.86,-2.30,1.67
3888,-2.22,-1.42,1.38
3889,-2.51,-0.38,1.09
3894,-0.95,3.27,0.50
3899,0.90,11.57,0.35
3905,-1.51,8.49,1.77
3909,-0.87,5.59,1.56
3918,-0.86,0.58,0.04
3919,-0.91,4.19,0.42
3926,-0.37,-3.50,1.26
3930,-0.82,-5.73,0.46
3935,-3.25,-6.27,0.07
3940,-4.12,-6.21,-0.14
3945,-5.46,-6.59,-0.30
3951,-6.97,-6.46,-0.34
3955,-7.84,-6.01,-0.34
3960,-8.12,-5.13,-0.30
3975,-8.16,-3.69,-0.32
3978,-7.79,-2.12,-0.42
3979,-6.79,-0.42,-0.55
3983,-5.70,0.26,-0.37
3984,-4.93,0.72,-0.05
3990,-4.06,0.78,0.47
3995,-3.45,0.61,0.92
4000,-3.09,0.28,1.25
4005,-2.84,-0.12,1.60
4011,-2.65,-0.46,1.93
4015,-2.47,-0.67,2.19
4021,-2.27,-0.73,2.34
4025,-2.00,-0.68,2.40
4029,-1.64,-0.59,2.38
4034,-1.22,-0.50,2.34
4041,-0.72,-0.44,2.31
4045,-0.15,-0.41,2.31
4051,0.46,-0.37,2.32
4056,1.08,-0.29,2.32
4061,1.71,-0.17,2.28
4066,2.38,-0.03,2.19
4071,3.04,0.15,2.09
4076,3.46,0.40,1.99
4082,3.69,0.71,1.85
4085,3.85,0.97,1.66
4091,3.96,1.09,1.44
4100,3.90,1.09,1.34
4101,3.72,1.01,1.30
4105,3.52,0.86,1.30
4110,3.31,0.65,1.34
4117,3.10,0.39,1.41
4122,2.95,0.08,1.49
4126,2.90,-0.25,1.55
4132,2.93,-0.61,1.59
4135,3.03,-1.00,1.61
4141,3.19,-1.45,1.62
4146,3.46,-1.90,1.61
4151,3.75,-2.21,1.61
4155,3.95,-2.29,1.60
4161,4.05,-2.10,1.59
4167,4.08,-1.68,1.56
4171,4.04,-1.14,1.59
4175,3.94,-0.53,1.71
4182,3.71,0.03,1.69
4186,3.39,0.45,1.45
4191,2.97,0.60,1.31
4195,2.56,0.65,1.33
4201,2.11,0.48,1.36
4205,1.62,0.21,1.39
4213,1.17,-0.19,1.44
4218,0.80,-0.66,1.53
4223,0.52,-1.09,1.62
4225,0.33,-1.36,1.68
4233,0.21,-1.42,1.71
4235,0.15,-1.31,1.72
4243,0.14,-1.03,1.70
4247,0.19,-0.51,1.65
4251,0.25,0.28,1.56
4259,0.28,1.20,1.46
4261,0.24,2.02,1.36
4267,0.13,2.59,1.25
4272,-0.04,2.85,1.14
4276,-0.28,2.79,1.06
4283,-0.60,2.38,1.03
4286,-0.95,1.57,1.05
4291,-1.26,0.45,1.07
4296,-1.50,-0.81,1.06
4303,-1.67,-2.00,1.01
4307,-1.78,-3.00,0.94
4311,-1.86,-3.63,0.78
4320,-1.92,-3.78,0.53
4323,-1.98,-3.50,0.32
4328,-2.14,-2.85,0.11
4332,-2.38,-2.02,-0.07
4337,-2.79,-0.94,-0.26
4342,-3.36,0.17,-0.43
4346,-4.01,1.10,-0.60
4351,-4.67,1.59,-0.74
4357,-5.28,1.65,-0.87
4362,-5.81,1.41,-0.97
4367,-6.23,0.96,-1.05
4372,-6.53,0.43,-1.11
4376,4.04,0.52,-1.20
4383,9.23,1.05,-0.77
4386,5.38,3.44,-0.72
4391,3.52,3.52,-0.83
4396,0.81,-1.93,-0.38
4401,-4.03,-1.35,-0.60
4406,-7.11,-2.47,-0.98
4411,-8.86,-3.65,-0.93
4418,-9.94,-4.78,-0.78
4429,-10.01,-5.21,-0.58
4434,-10.12,-4.43,-0.26
4435,-7.00,-3.63,-0.10
4436,-4.10,-2.74,-0.43
4441,-2.46,-1.58,-0.87
4446,-0.26,-0.41,-0.81
4451,1.44,1.03,-0.71
4457,2.61,2.27,-0.55
4463,3.42,3.19,-0.31
4468,3.95,3.78,-0.09
4472,4.09,3.98,0.16
4477,3.94,3.75,0.40
4484,3.69,3.20,0.58
4486,3.40,2.54,0.69
4492,3.08,1.88,0.78
4497,2.83,1.29,0.77
4502,2.60,0.71,0.73
4507,2.39,0.18,0.67
4511,2.23,-0.25,0.57
4519,2.08,-0.53,0.43
4526,1.94,-0.63,0.26
4527,1.82,-0.57,0.05
4532,1.71,-0.42,-0.15
4537,1.57,-0.15,-0.38
4543,1.46,0.13,-0.60
4551,1.37,0.42,-0.80
4551,1.30,0.66,-0.99
4557,1.29,0.75,-1.12
4562,1.33,0.73,-1.20
4568,1.38,0.63,-1.24
4572,1.46,0.50,-1.22
4577,1.56,0.36,-1.15
4585,1.64,0.22,-1.04
4587,1.71,0.10,-0.92
4592,1.76,-0.01,-0.83
4601,1.79,-0.15,-0.83
4602,1.81,-0.27,-0.75
4609,1.82,-0.30,-0.82
4612,1.75,-0.30,-0.89
4620,1.58,-0.29,-0.88
4624,1.34,-0.31,-0.83
4628,1.13,-0.22,-0.73
4632,1.04,0.03,-0.68
4637,0.95,0.43,-0.59
4643,0.88,0.95,-0.49
4649,0.81,1.48,-0.34
4651,0.74,1.89,-0.16
4657,0.67,2.12,0.02
4663,0.59,2.12,0.18
4669,0.53,1.86,0.30
4673,0.46,1.45,0.40
4677,0.38,1.01,0.48
4684,0.30,0.63,0.55
4688,0.22,0.38,0.62
4694,0.15,0.28,0.68
4697,0.11,0.36,0.71
4704,0.11,0.57,0.72
4708,0.12,0.86,0.72
4712,0.14,1.16,0.70
4719,0.14,1.45,0.72
4723,0.08,1.72,0.76
4727,-0.02,1.90,0.83
4734,-0.11,1.91,0.92
4740,-0.20,1.69,1.03
4745,-0.30,1.25,1.13
4750,-0.40,0.66,1.20
4752,-0.49,0.03,1.24
4757,-0.57,-0.54,1.24
4764,-0.62,-0.95,1.21
4767,-0.65,-1.12,1.14
4774,-0.70,-1.07,1.04
4777,-0.79,-0.86,0.92
4786,-0.92,-0.52,0.77
4788,-1.08,-0.09,0.62
4794,-1.28,0.36,0.48
4801,-1.47,0.72,0.37
4804,-1.68,0.92,0.31
4809,-1.86,0.77,0.33
4813,-2.00,0.55,0.36
4820,-2.15,0.20,0.39
4823,-2.30,-0.26,0.42
4828,-2.49,-0.72,0.43
4840,-2.71,-1.15,0.41
4841,-2.98,-1.39,0.35
4843,-3.33,-1.35,0.28
4849,-3.75,-1.01,0.17
4852,-4.20,-0.46,0.06
4858,-4.65,0.20,-0.01
4867,-5.10,0.90,-0.06
4868,-5.54,1.46,-0.09
4873,-5.90,1.73,-0.14
4879,-6.16,1.71,-0.19
4885,1.54,0.82,-0.55
4890,11.68,-0.13,-0.39
4894,5.06,3.30,0.19
4902,5.28,5.01,0.08
4904,3.78,2.28,0.29
4909,-1.44,2.66,0.48
4913,-4.76,1.28,-0.23
4919,-6.71,-0.87,-0.63
4923,-8.04,-2.99,-0.72
4929,-8.22,-4.69,-0.73
4936,-8.06,-5.55,-0.66
4941,-8.27,-5.63,-0.36
4944,-5.55,-4.92,-0.15
4950,-2.82,-4.40,-0.36
4954,-1.87,-2.39,-0.80
4958,-0.14,-1.00,-0.90
4963,1.23,0.56,-0.98
4968,2.18,1.72,-1.05
4973,2.86,2.46,-1.05
4978,3.34,2.81,-1.05
4985,3.55,2.77,-1.04
4989,3.57,2.37,-1.01
4994,3.52,1.71,-1.02
5002,3.40,0.92,-0.99
5004,3.24,0.19,-0.98
5009,3.06,-0.41,-0.91
5013,2.91,-0.85,-0.79
5021,2.82,-1.11,-0.67
5028,2.83,-1.22,-0.57
5031,2.91,-1.18,-0.48
5035,3.02,-1.02,-0.38
5039,3.11,-0.78,-0.32
5044,3.16,-0.53,-0.27
5050,3.19,-0.33,-0.27
5055,3.21,-0.20,-0.31
5059,3.19,-0.14,-0.38
5067,3.13,-0.16,-0.48
5069,3.02,-0.23,-0.57
5074,2.87,-0.36,-0.68
5079,2.66,-0.44,-0.76
5085,2.44,-0.55,-0.83
5089,2.22,-0.62,-0.88
5095,2.02,-0.68,-0.90
5101,1.86,-0.75,-0.88
5106,1.72,-0.84,-0.84
5110,1.60,-0.94,-0.77
5119,1.52,-1.03,-0.67
5119,1.50,-1.09,-0.55
5124,1.52,-1.12,-0.43
5130,1.55,-1.09,-0.30
5134,1.60,-1.01,-0.18
5139,1.64,-0.90,-0.07
5144,1.66,-0.75,0.02
5151,1.69,-0.58,0.09
5155,1.71,-0.37,0.16
5160,1.71,-0.13,0.22
5168,1.70,0.11,0.27
5169,1.70,0.36,0.31
5174,1.70,0.59,0.32
5180,1.69,0.81,0.31
5184,1.65,0.93,0.31
5190,1.60,0.96,0.30
5195,1.52,0.89,0.28
5202,1.41,0.75,0.26
5205,1.29,0.54,0.24
5210,1.16,0.30,0.23
5226,1.03,0.09,0.24
5228,0.89,-0.06,0.25
5229,0.76,-0.12,0.26
5230,0.64,-0.10,0.28
5234,0.54,0.03,0.31
5240,0.46,0.27,0.32
5245,0.41,0.57,0.32
5253,0.40,0.83,0.32
5255,0.40,1.03,0.31
5260,0.39,1.18,0.27
5268,0.39,1.25,0.22
5269,0.37,1.25,0.16
5275,0.33,1.20,0.12
5280,0.25,1.12,0.08
5286,0.17,1.00,0.05
5290,0.09,0.84,0.02
5295,-0.01,0.65,0.00
5300,-0.14,0.50,-0.00
5307,-0.29,0.41,0.01
5313,-0.41,0.39,0.03
5315,-0.49,0.50,0.05
5320,-0.55,0.77,0.07
5326,-0.61,1.16,0.11
5330,-0.66,1.55,0.17
5334,-0.67,1.86,0.25
5340,-0.66,2.05,0.34
5345,-0.66,2.06,0.43
5352,-0.67,1.83,0.50
5354,-0.77,1.52,0.58
5360,-0.84,1.06,0.65
5368,-0.88,0.42,0.72
5369,-1.03,-0.11,0.76
5375,-1.21,-0.51,0.78
5385,-1.42,-0.70,0.77
5388,-1.66,-0.68,0.74
5391,-1.95,-0.46,0.70
5395,-2.27,-0.09,0.65
5404,-2.70,0.36,0.61
5405,-3.16,0.92,0.53
5410,-3.60,1.25,0.46
5414,-4.03,1.43,0.39
5420,-4.47,1.34,0.34
5425,-4.88,1.08,0.28
5430,-5.27,0.68,0.23
5436,-5.63,0.23,0.19
5440,-5.94,-0.23,0.17
5447,-6.26,-0.67,0.19
5451,-1.97,-6.94,0.36
5456,12.28,-17.45,-0.31
5460,4.17,-8.42,0.01
5468,3.79,1.80,0.42
5470,2.76,7.14,1.13
5475,-1.25,12.47,1.17
5480,-3.92,12.94,0.34
5487,-5.86,8.84,-0.31
5490,-7.30,3.35,-0.85
5499,-7.74,-2.62,-1.27
5503,-7.84,-7.48,-1.36
5505,-8.06,-10.45,-1.13
5510,-7.47,-10.73,-0.69
5517,-4.30,-10.05,-0.18
5521,-3.06,-6.85,0.16
5526,-1.68,-2.80,0.24
5530,-0.27,1.14,0.23
5535,0.84,4.24,0.20
5540,1.63,6.11,0.10
5546,2.20,6.72,-0.04
5551,2.44,6.19,-0.22
5556,2.33,4.77,-0.39
5560,2.02,2.83,-0.53
5567,1.60,0.90,-0.65
5570,1.07,-0.58,-0.72
5575,0.54,-1.46,-0.76
5582,0.08,-1.83,-0.72
5588,-0.24,-1.88,-0.65
5596,-0.35,-1.77,-0.55
5599,-0.25,-1.61,-0.45
5603,0.01,-1.42,-0.36
5606,0.40,-1.23,-0.29
5610,0.86,-1.02,-0.23
5617,1.33,-0.74,-0.18
5621,1.78,-0.42,-0.15
5626,2.15,-0.04,-0.10
5630,2.45,0.35,-0.05
5635,2.66,0.71,-0.00
5641,2.78,0.97,0.04
5647,2.82,1.12,0.05
5651,2.81,1.15,0.06
5657,2.76,1.05,0.04
5661,2.68,0.87,0.04
5667,2.61,0.63,0.04
5671,2.55,0.34,0.07
5679,2.50,0.03,0.12
5680,2.45,-0.26,0.19
5685,2.41,-0.48,0.26
5691,2.36,-0.62,0.31
5696,2.28,-0.69,0.33
5702,2.16,-0.77,0.32
5707,2.04,-0.83,0.25
5712,1.89,-0.85,0.12
5718,1.73,-0.81,-0.07
5722,1.58,-0.72,-0.27
5726,1.48,-0.61,-0.49
5731,1.42,-0.47,-0.69
5737,1.39,-0.28,-0.87
5741,1.40,-0.05,-1.03
5747,1.43,0.18,-1.15
5755,1.47,0.40,-1.24
5756,1.50,0.59,-1.31
5762,1.50,0.72,-1.37
5766,1.46,0.78,-1.42
5772,1.39,0.76,-1.48
5776,1.31,0.65,-1.54
5781,1.22,0.49,-1.59
5786,1.13,0.33,-1.63
5791,1.05,0.21,-1.66
5796,0.99,0.17,-1.67
5802,0.94,0.20,-1.66
5807,0.92,0.30,-1.62
5812,0.94,0.44,-1.54
5819,0.98,0.60,-1.45
5823,1.03,0.74,-1.35
5826,1.09,0.85,-1.26
5835,1.16,0.90,-1.18
5837,1.22,0.86,-1.13
5841,1.26,0.75,-1.13
5846,1.28,0.62,-1.17
5852,1.27,0.48,-1.27
5860,1.24,0.34,-1.40
5862,1.20,0.23,-1.56
5868,1.14,0.16,-1.73
5873,1.09,0.14,-1.90
5877,1.05,0.18,-2.04
5885,0.99,0.25,-2.14
5887,0.93,0.33,-2.18
5892,0.88,0.38,-2.15
5897,0.82,0.39,-2.09
5905,0.76,0.34,-1.99
5908,0.71,0.26,-1.87
5914,0.63,0.15,-1.74
5919,0.53,0.02,-1.61
5922,0.46,-0.14,-1.48
5928,0.39,-0.25,-1.37
5934,0.32,-0.26,-1.26
5937,0.27,-0.21,-1.15
5943,0.25,-0.11,-1.03
5947,0.22,0.04,-0.93
5953,0.20,0.26,-0.85
5957,0.17,0.58,-0.78
5962,0.14,0.99,-0.73
5969,0.10,1.40,-0.68
5975,0.03,1.74,-0.64
5980,-0.12,1.94,-0.63
5985,-0.34,1.95,-0.62
5989,-0.65,1.78,-0.59
5991,-1.05,1.43,-0.54
5999,-1.49,0.99,-0.47
6002,-1.95,0.53,-0.40
6007,-2.39,0.09,-0.32
6012,-2.82,-0.31,-0.24
6019,-3.22,-0.65,-0.14
6023,-3.53,-0.86,-0.04
6027,-3.77,-0.94,0.04
6036,-3.96,-0.87,0.11
6037,-4.13,-0.69,0.14
6043,-4.37,-0.51,0.16
6049,-4.64,-0.37,0.15
6055,-4.94,-0.29,0.13
6060,-5.28,-0.25,0.10
6062,-5.66,-0.25,0.09
6070,-6.06,-0.35,0.12
6072,-6.40,-0.73,0.20
6082,7.01,-11.97,0.59
6084,6.39,-17.45,0.68
6088,3.01,-7.56,0.23
6093,2.71,-2.14,0.92
6098,3.52,2.79,1.93
6104,-1.02,7.34,2.76
6109,-3.04,11.09,2.75
6113,-2.30,11.63,2.07
6118,-1.38,8.55,1.58
6124,-1.21,4.10,1.43
6128,-3.80,-0.35,0.50
6132,-7.90,-4.20,-0.46
6138,-9.37,-6.99,-0.36
6142,-8.94,-8.95,-0.12
6149,-7.91,-9.14,0.13
6162,-5.86,-7.78,0.25
6164,-2.40,-4.66,0.40
6166,0.77,-4.17,0.75
6171,0.76,-2.00,1.18
6174,1.03,2.72,1.41
6179,1.04,4.01,1.33
6185,0.87,4.08,1.32
6188,0.86,3.89,1.17
6192,0.73,2.91,0.95
6202,0.52,1.69,0.73
6204,0.28,0.28,0.53
6208,0.04,-1.08,0.35
6213,-0.18,-2.03,0.20
6220,-0.41,-2.43,0.09
6224,-0.60,-2.42,0.07
6228,-0.66,-2.15,0.08
6236,-0.55,-1.62,0.07
6237,-0.36,-1.08,0.12
6243,-0.01,-0.55,0.19
6248,0.52,-0.07,0.26
6253,1.26,0.43,0.34
6259,2.14,0.64,0.46
6263,3.01,0.58,0.60
6269,3.74,0.53,0.70
6273,4.29,0.52,0.80
6278,4.80,0.63,0.83
6286,5.35,0.77,0.90
6288,5.96,0.73,0.99
6292,6.65,0.65,1.05
6299,7.54,0.52,1.15
6304,8.49,0.23,1.36
6311,9.35,-0.06,1.68
6318,10.22,0.26,2.02
6319,10.16,2.00,2.49
6324,7.53,0.65,2.53
6328,4.16,0.14,1.29
6335,1.60,-0.55,-0.61
6339,0.25,-1.09,-1.69
6344,-0.16,-0.71,-1.84
6349,0.26,-0.83,-1.84
6353,1.18,-1.41,-1.76
6359,2.08,-1.66,-1.77
6364,2.85,-0.84,-2.00
6369,3.46,0.50,-2.30
6374,3.72,1.30,-2.45
6378,3.63,1.19,-2.50
6384,3.36,0.72,-2.62
6391,2.99,0.80,-2.81
6393,2.56,0.93,-2.79
6399,2.30,1.17,-2.48
6404,2.19,1.33,-2.09
6409,2.18,1.23,-1.86
6415,2.28,0.79,-1.83
6419,2.48,0.33,-1.84
6424,2.64,0.22,-1.71
6430,2.69,0.35,-1.49
6436,2.62,0.52,-1.31
6440,2.44,0.70,-1.24
6445,2.17,0.84,-1.20
6453,1.84,1.12,-1.01
6454,1.54,1.51,-0.55
6464,1.31,1.68,-0.01
6465,1.13,1.49,0.27
6470,0.94,1.05,0.33
6474,0.70,0.61,0.30
6479,0.36,0.13,0.21
6485,-0.14,-0.43,0.08
6490,-0.82,-0.92,-0.01
6495,-1.59,-1.34,-0.03
6499,-2.45,-2.05,0.11
6506,-3.57,-2.13,0.49
6510,-4.68,-1.70,0.62
6515,-5.37,-0.16,0.46
6523,-5.77,1.55,-0.11
6525,-6.01,2.44,-0.90
6529,-6.49,2.73,-1.37
6539,-14.34,-12.30,-0.99
6545,-15.69,-17.45,1.77
6547,-16.16,-14.92,4.39
6550,-9.60,1.61,3.44
6555,-7.85,6.09,2.60
6560,-9.44,6.61,2.96
6564,-9.33,4.08,3.12
6569,-10.15,1.58,3.02
6575,-7.15,3.46,2.39
6580,-2.61,3.00,2.28
6589,-0.92,3.29,2.45
6591,-0.95,5.87,2.42
6595,-1.72,9.48,2.36
6605,-0.30,9.14,2.06
6606,1.06,7.91,1.88
6610,1.98,6.05,1.84
6617,2.78,4.04,1.90
6623,2.08,0.99,2.06
6625,0.79,-2.67,2.36
6630,1.78,-3.76,2.86
6636,2.39,-4.31,3.48
6645,2.68,-4.70,3.92
6649,2.86,-4.78,4.19
6651,1.82,-3.22,4.51
6658,1.33,-2.57,4.87
6660,1.79,-3.22,5.18
6665,1.53,-2.71,5.38
6671,1.30,-2.33,5.51
6676,1.27,-2.25,5.58
6679,1.29,-2.22,5.62
6685,1.29,-2.09,5.61
6691,1.34,-2.04,5.60
6695,1.41,-2.02,5.59
6701,1.46,-1.97,5.58
6704,1.51,-1.93,5.58
6711,1.56,-1.88,5.57
6715,1.61,-1.83,5.56
6721,1.67,-1.79,5.55
6725,1.72,-1.74,5.54
6731,1.77,-1.69,5.53
6737,1.82,-1.63,5.53
6741,1.86,-1.58,5.52
6745,1.91,-1.52,5.51
6754,1.95,-1.47,5.50
6755,2.00,-1.41,5.49
6761,2.04,-1.35,5.49
6765,2.07,-1.29,5.48
6772,2.11,-1.23,5.47
6778,2.15,-1.17,5.46
6779,2.18,-1.11,5.46
6786,2.22,-1.05,5.45
6792,2.25,-0.99,5.44
6795,2.28,-0.92,5.43
6803,2.30,-0.87,5.43
6805,2.33,-0.81,5.42
6811,2.35,-0.74,5.42
6815,2.37,-0.68,5.41
6822,2.39,-0.62,5.41
6826,2.40,-0.56,5.40
6830,2.42,-0.50,5.40
6842,2.44,-0.44,5.39
6844,2.45,-0.38,5.39
6845,2.45,-0.31,5.39
6851,2.46,-0.25,5.39
6855,2.47,-0.19,5.38
6861,2.47,-0.12,5.38
6866,2.48,-0.06,5.38
6870,2.47,0.01,5.38
6875,2.48,0.08,5.38
6880,2.47,0.14,5.39
6886,2.46,0.21,5.38
6890,2.45,0.28,5.39
6895,2.44,0.35,5.39
6902,2.43,0.42,5.39
6905,2.42,0.49,5.39
6917,2.40,0.56,5.40
6918,2.38,0.63,5.40
6922,2.37,0.70,5.41
6927,2.35,0.77,5.41
6932,2.32,0.84,5.42
6937,2.30,0.91,5.43
6942,2.27,0.97,5.44
6946,2.24,1.04,5.44
6953,2.20,1.10,5.45
6955,2.17,1.17,5.46
6961,2.13,1.23,5.47
6966,2.10,1.30,5.47
6974,2.07,1.36,5.48
6975,2.03,1.42,5.49
6980,1.99,1.48,5.50
6986,1.95,1.54,5.51
6997,1.91,1.61,5.52
6998,1.87,1.66,5.53
7003,1.82,1.72,5.54
7006,1.78,1.77,5.54
7011,1.73,1.83,5.55
7016,1.68,1.88,5.56
7021,1.63,1.92,5.57
7026,1.57,1.97,5.58
7033,1.51,2.02,5.59
7037,1.45,2.06,5.60
7042,1.40,2.10,5.61
7046,1.33,2.14,5.62
7052,1.27,2.18,5.63
7057,1.20,2.22,5.63
7061,1.13,2.26,5.64
7068,1.06,2.29,5.65
7073,0.99,2.32,5.66
7077,0.92,2.36,5.66
7082,0.85,2.39,5.67
7088,0.77,2.41,5.68
7092,0.70,2.44,5.68
7096,0.62,2.46,5.69
7103,0.54,2.48,5.69
7109,0.47,2.50,5.69
7112,0.39,2.51,5.70
7119,0.31,2.53,5.70
7122,0.23,2.54,5.70
7126,0.15,2.55,5.70
7131,0.07,2.56,5.70
7137,-0.01,2.56,5.71
7145,-0.08,2.56,5.71
7148,-0.17,2.56,5.70
7153,-0.25,2.56,5.70
7157,-0.33,2.55,5.70
7162,-0.41,2.54,5.70
7167,-0.50,2.52,5.69
7173,-7.37,-3.65,4.65
7178,-4.84,-1.53,0.00
7183,-0.20,1.43,-0.24
7189,-1.24,0.53,0.15
7193,-1.24,0.57,0.11
7197,-0.77,0.70,0.06
7204,-0.65,0.75,0.09
7206,0.98,0.80,0.10
7221,0.90,0.82,0.08
7222,0.82,0.87,0.11
7224,0.86,0.87,0.08
7228,0.86,0.90,0.12
7232,0.85,0.90,0.09
7237,0.85,0.91,0.12
7243,0.85,0.91,0.11
7247,0.85,0.92,0.11
7253,0.85,0.93,0.12
7257,0.85,0.93,0.11
7263,0.85,0.93,0.13
7274,0.85,0.93,0.11
7275,0.85,0.93,0.13
7279,0.85,0.93,0.12
7289,0.85,0.93,0.13
7290,0.85,0.93,0.13
7293,0.85,0.93,0.13
7298,0.85,0.93,0.14
7303,0.85,0.93,0.13
7307,0.85,0.93,0.15
7313,0.85,0.93,0.14
7320,0.84,0.93,0.15
7322,0.84,0.93,0.15
7328,0.84,0.93,0.15
7334,0.84,0.93,0.16
7342,0.84,0.93,0.15
7344,0.84,0.93,0.16
7348,0.84,0.93,0.16
7359,0.84,0.93,0.17
7360,0.84,0.93,0.16
7361,0.84,0.93,0.17
7368,0.84,0.93,0.17
7374,0.84,0.93,0.17
7377,0.84,0.93,0.18
7382,0.84,0.92,0.17
7387,0.83,0.91,0.18
7395,0.83,0.90,0.18
7397,-3.02,-6.34,-0.26
7403,-10.22,-17.45,-0.74
7409,-10.26,-17.45,-0.06
7413,-10.09,-16.86,0.60
7419,-8.90,2.06,0.34
7423,2.16,17.46,-1.95
7429,2.72,-0.58,-1.25
7433,0.67,-15.09,-0.89
7437,0.62,-11.65,-1.04
7443,0.70,-11.29,-1.08
7449,0.49,-11.47,-1.07
7454,-1.85,-6.88,-0.39
7459,-3.47,-3.75,0.16
7463,-1.70,-1.36,0.13
7469,0.22,2.40,0.14
7473,-0.07,1.97,0.15
7479,-0.16,1.77,0.14
7482,-0.12,1.85,0.15
7500,-0.12,1.85,0.14
7502,-0.13,1.85,0.14
7503,0.43,2.93,0.01
7505,1.69,5.34,-0.31
7512,1.63,5.28,-0.28
7513,0.39,7.24,0.17
7520,-1.13,10.19,0.76
7522,-0.09,5.15,0.44
7528,0.16,-0.72,-0.16
7533,-0.07,1.27,-0.00
7539,0.11,1.09,0.04
7545,0.08,0.98,0.02
7548,0.16,0.76,0.02
7554,0.37,-2.03,-0.08
7558,-0.05,-3.21,-0.18
7563,-0.27,-0.10,-0.06
7570,0.03,-0.14,-0.01
7574,0.03,0.19,0.01
7579,0.01,0.32,0.01
7584,0.01,-0.07,-0.02
7590,-0.01,-0.02,0.00
7594,0.00,0.01,-0.00
7600,-0.00,-0.00,0.00
7606,-0.00,-0.00,0.00
7608,0.00,-0.00,-0.00
7615,-0.00,0.00,-0.00
7621,0.00,0.00,-0.00
7623,-0.00,0.00,-0.00
7628,-0.00,-0.00,-0.00
7642,-0.00,0.00,0.00
7644,-0.00,-0.00,0.00
7645,-0.00,-0.00,-0.00
7649,-0.00,0.00,-0.00
7654,0.00,0.00,-0.00
7660,-0.00,-0.00,-0.00
7663,-0.00,-0.00,-0.00
7669,-0.00,-0.00,-0.00
7674,0.00,-0.00,-0.00
7678,-0.00,-0.00,-0.00
7687,-0.00,-0.00,0.00
7689,-0.00,-0.00,0.00
7695,-0.00,-0.00,-0.00
7704,-0.00,0.00,-0.00
7705,0.00,-0.00,-0.00
7709,-0.00,-0.00,-0.00
7714,-0.00,-0.00,0.00
7719,0.00,-0.00,0.00
7724,0.00,-0.00,-0.00
7729,-0.00,-0.00,-0.00
7734,-0.00,-0.00,-0.00
7741,-0.00,-0.00,-0.00
7745,-0.00,-0.00,-0.00
7749,-0.00,-0.00,-0.00
7757,-0.00,-0.00,-0.00
7758,-0.00,-0.00,0.00
7764,-0.00,-0.00,0.00
7773,-0.00,0.00,0.00
7776,-0.00,-0.00,0.00
7780,-0.00,-0.00,0.00
7785,-0.00,0.00,0.00
7788,-0.00,-0.00,0.00
7795,-0.00,-0.00,0.00
7800,-0.00,-0.00,0.00
7805,-0.00,-0.00,0.00
7810,-0.00,-0.00,-0.00
7815,-0.00,-0.00,-0.00
7821,-0.00,-0.00,-0.00
7824,-0.00,-0.00,-0.00
7828,-0.00,-0.00,-0.00
7842,-0.00,-0.00,0.00
7842,-0.00,-0.00,0.00
7844,-0.00,-0.00,-0.00
7850,-0.00,-0.00,-0.00
7855,-0.00,-0.00,0.00
7860,-0.00,-0.00,-0.00
7864,-0.00,-0.00,-0.00
7871,-0.00,0.00,-0.00
7875,0.00,-0.00,0.00
7879,-0.00,-0.00,0.00
7884,0.00,-0.00,0.00
7890,-0.00,-0.00,0.00
7895,-0.00,-0.00,0.00
7905,-0.00,-0.00,-0.00
7905,-0.00,-0.00,-0.00
7909,-0.00,-0.00,-0.00
7915,-0.00,-0.00,0.00
7920,-0.00,0.00,0.00
7926,-0.00,-0.00,0.00
7929,-0.00,-0.00,-0.00
7937,-0.00,-0.00,0.00
7939,0.00,-0.00,0.00
7945,0.00,0.00,0.00
7949,-0.00,-0.00,-0.00
7955,-0.00,-0.00,-0.00
7959,-0.00,-0.00,0.00
7964,-0.00,-0.00,0.00
7971,-0.00,0.00,0.00
7976,-0.00,-0.00,-0.00
7980,-0.00,-0.00,-0.00
7987,-0.00,-0.00,-0.00
7989,-0.00,-0.00,-0.00
7996,-0.00,0.00,-0.00
8000,-0.00,0.00,0.00
8006,-0.00,-0.00,-0.00
8010,0.00,-0.00,0.00
8015,-0.00,-0.00,0.00
8020,-0.00,-0.00,-0.00
8024,-0.00,0.00,-0.00
8035,-0.00,-0.00,-0.00
8037,0.00,-0.00,0.00
8042,-0.00,-0.00,0.00
8044,-0.00,0.00,-0.00
8050,-0.00,-0.00,-0.00
8055,-0.00,-0.00,-0.00
8060,-0.00,0.00,0.00
8065,-0.00,0.00,0.00
8071,0.00,0.00,0.00
8077,0.00,0.00,-0.00
8080,-0.00,-0.00,-0.00
8087,-0.00,-0.00,-0.00
8091,-0.00,-0.00,-0.00
8098,-0.00,-0.00,-0.00
8101,-0.00,0.00,0.00
8105,0.00,0.00,-0.00
8111,-0.00,0.00,-0.00
8117,-0.00,0.00,-0.00
8122,0.00,0.00,-0.00
8125,0.00,0.00,-0.00
8131,0.01,0.00,-0.00
8136,0.01,0.01,-0.00
8139,0.01,0.01,-0.00
8145,0.01,0.01,-0.00
8156,0.00,0.01,-0.00
8161,-0.00,0.01,0.00
8163,-0.00,0.00,-0.00
8165,-0.01,0.00,-0.00
8172,-0.00,0.00,0.00
8177,-0.00,0.00,-0.00
8180,-0.00,-0.00,-0.00
8187,-0.00,0.00,0.00
8191,-0.00,0.00,0.00
8196,-0.00,0.00,0.00
8204,-0.00,-0.00,0.00
8207,-0.00,-0.00,-0.00
8211,-0.00,0.00,-0.00
8216,-0.00,0.00,0.00
8223,-0.00,0.00,0.00
8226,-0.00,0.00,-0.00
8231,0.00,0.00,-0.00
8238,0.00,0.00,0.00
8241,0.00,0.00,0.00
8247,0.00,0.00,0.00
8253,0.00,0.00,0.00
8255,0.00,0.01,0.00
8261,0.00,0.00,-0.00
8268,0.00,0.00,-0.00
8272,0.00,0.00,-0.00
8276,0.00,0.00,0.00
8281,0.00,0.01,0.00
8289,0.00,0.01,-0.00
8291,0.00,0.00,-0.00
8297,0.00,0.01,-0.00
8301,0.00,0.01,-0.00
8306,0.00,0.01,-0.00
8311,0.01,0.01,0.00
8317,0.00,0.01,-0.00
8323,0.01,0.01,-0.00
8326,0.01,0.01,-0.00
8331,0.01,0.01,-0.00
8338,0.01,0.01,-0.00
8341,0.01,0.01,0.00
8346,0.01,0.01,-0.00
8352,0.01,0.01,0.00
8357,0.01,0.01,0.00
8361,0.01,0.01,0.00
8366,0.00,0.01,0.00
8372,0.00,0.01,-0.00
8377,0.01,0.01,0.00
8381,0.01,0.01,0.00
8387,0.01,0.01,0.00
8393,0.00,0.01,0.00
8397,0.01,0.01,-0.00
8403,0.01,0.01,0.00
8406,0.01,0.00,-0.00
8415,0.01,0.00,-0.00
8417,0.00,0.00,0.00
8422,0.01,0.00,-0.00
8426,0.01,0.00,-0.00
8432,0.00,0.00,0.00
8439,0.00,0.00,0.00
8442,0.00,0.00,0.00
8446,0.00,-0.00,0.00
8451,0.00,-0.00,0.00
8456,0.00,0.00,-0.00
8461,-0.00,0.01,0.00
8466,0.02,0.02,-0.00
8475,-0.01,-0.00,-0.00
8476,-0.02,-0.04,-0.00
8481,0.01,0.03,-0.00
8487,0.02,0.03,-0.00
8493,-0.01,-0.02,-0.00
8498,-0.01,-0.03,0.00
8501,-0.00,0.00,-0.00
8506,0.01,0.03,-0.00
8511,-0.00,-0.01,-0.00
8517,-0.01,-0.03,0.00
8522,0.01,0.02,0.00
8527,0.01,0.02,0.00
8534,-0.01,-0.01,-0.00
8536,-0.01,-0.02,-0.00
8541,0.00,0.01,0.00
8547,0.01,0.01,0.00
8553,0.00,-0.00,0.00
8557,-0.00,-0.01,0.00
8562,-0.00,-0.00,0.00
8567,0.00,0.01,0.00
8572,0.00,0.00,0.00
8579,0.00,-0.00,0.00
8581,-0.00,-0.01,-0.00
8592,0.00,-0.00,-0.00
8600,0.00,0.00,0.00
8601,0.00,0.00,0.00
8603,0.00,-0.00,-0.00
8607,0.00,-0.00,0.00
8612,0.00,0.00,0.00
8616,0.00,0.00,-0.00
8622,0.00,-0.00,-0.00
8627,0.00,-0.00,-0.00
8631,0.00,-0.00,0.00
8641,-0.00,0.00,0.00
8642,-0.00,-0.00,-0.00
8649,0.00,-0.00,-0.00
8652,0.00,-0.00,0.00
8656,-0.00,0.00,0.00
8662,0.00,-0.00,-0.00
8667,0.00,-0.00,-0.00
8672,-0.00,0.00,0.00
8678,0.00,0.00,0.00
8682,0.00,0.01,-0.00
8689,0.02,0.01,-0.00
8693,0.01,0.03,-0.00
8700,-0.02,-0.04,-0.00
8702,-0.01,-0.02,0.00
8707,0.02,0.06,-0.00
8712,-0.00,-0.00,0.00
8720,-0.02,-0.04,0.00
8722,-0.01,-0.01,-0.00
8727,0.01,0.03,-0.00
8732,0.01,0.02,-0.00
8737,0.00,0.00,0.00
8742,-0.01,-0.02,-0.00
8748,-0.01,-0.02,-0.00
8754,0.00,-0.00,0.00
8759,-0.00,0.01,-0.00
8762,-0.00,0.00,-0.00
8767,-0.00,-0.00,-0.00
8772,-0.00,-0.00,-0.00
8779,0.00,0.00,-0.00
8783,0.00,0.00,0.00
8788,0.00,-0.00,-0.00
8793,-0.00,0.00,-0.00
8799,-0.00,-0.00,0.00
8806,-0.00,-0.00,-0.00
8808,-0.00,0.00,-0.00
8814,0.00,0.00,0.00
8821,-0.00,-0.00,0.00
8823,-0.00,-0.00,-0.00
8828,-0.00,0.00,0.00
8832,0.00,0.00,0.00
8839,0.00,-0.00,0.00
8843,-0.00,-0.00,0.00
8854,-0.00,-0.00,-0.00
8856,0.00,-0.00,-0.00
8860,0.00,0.00,0.00
8863,0.00,-0.00,0.00
8868,-0.00,-0.00,-0.00
8874,-0.00,-0.00,-0.00
8879,0.00,0.00,0.00
8883,-0.00,0.00,0.00
8891,-0.00,0.00,-0.00
8894,0.00,0.00,-0.00
8899,-0.00,-0.00,-0.00
8911,0.00,-0.00,0.00
8912,0.00,-0.00,-0.00
8913,0.00,-0.00,-0.00
8922,-0.00,-0.00,-0.00
8924,-0.00,-0.00,-0.00
8930,0.00,-0.00,-0.00
8933,0.00,0.00,-0.00
8940,-0.00,-0.00,0.00
8944,-0.01,-0.00,-0.00
8948,0.00,-0.01,-0.00
8954,-0.00,0.00,0.00
8960,0.00,0.00,-0.00
8967,-0.00,0.00,-0.00
8969,-0.00,0.01,-0.00
8973,0.01,0.07,-0.00
8979,-0.02,0.03,-0.00
8983,-0.02,0.02,0.00
8989,-0.02,0.03,0.00
8994,-0.03,0.03,0.00
9000,-0.02,0.03,0.00
9007,-0.02,0.03,0.00
9009,-0.01,0.02,-0.00
9013,-0.01,0.02,0.02
9020,-0.01,0.01,0.02
9028,0.00,0.02,-0.00
9029,-0.00,0.02,-0.00
9033,-0.02,0.01,0.00
9040,-0.00,0.01,-0.00
9044,-0.00,-0.00,0.01
9049,0.00,-0.01,0.01
9055,0.02,-0.01,-0.01
9059,0.00,-0.02,-0.00
9063,0.01,-0.02,-0.00
9073,0.01,-0.01,-0.00
9080,0.01,-0.01,-0.00
9082,0.01,-0.01,-0.01
9084,0.01,-0.01,-0.00
9089,0.01,-0.02,-0.01
9094,0.01,-0.02,-0.01
9101,0.01,-0.02,-0.01
9107,0.01,-0.02,-0.00
9109,0.01,-0.02,0.05
9114,0.01,-0.01,0.11
9123,0.01,-0.01,0.11
9124,0.01,0.00,0.16
9128,0.01,-0.00,0.21
9137,0.01,0.00,0.22
9141,0.01,0.00,0.19
9145,0.01,-0.03,0.17
9150,-0.01,-0.06,0.16
9155,0.00,-0.01,0.13
9160,0.01,0.02,0.11
9164,0.02,0.04,0.07
9171,-0.00,-0.00,0.02
9174,0.01,0.00,0.01
9179,0.00,-0.00,-0.01
9184,0.01,0.01,-0.00
9189,0.01,0.01,-0.02
9198,0.00,-0.01,-0.04
9200,0.01,0.00,-0.02
9204,0.00,0.02,0.01
9209,0.01,0.01,0.06
9214,0.00,-0.00,0.21
9221,0.02,0.02,0.34
9224,0.00,-0.01,0.41
9230,0.01,-0.04,0.53
9234,-0.02,-0.04,0.71
9245,0.00,-0.01,0.83
9247,0.03,0.09,0.72
9256,0.00,0.14,0.43
9257,-0.00,0.14,0.21
9259,-0.01,0.03,0.21
9264,-0.04,-0.15,0.31
9269,-0.09,-0.10,0.40
9274,-0.12,-0.04,0.50
9281,-0.15,-0.07,0.55
9284,-0.19,-0.13,0.56
9290,-0.21,-0.21,0.54
9294,-0.24,-0.27,0.51
9300,-0.26,-0.31,0.47
9310,-0.27,-0.38,0.45
9311,-0.28,-0.39,0.41
9314,-0.30,-0.33,0.37
9321,-0.34,-0.30,0.33
9326,-0.39,-0.26,0.26
9329,-0.45,-0.25,0.21
9334,-0.52,-0.19,0.17
9340,-0.59,-0.02,0.16
9346,-0.65,0.10,0.16
9358,-0.71,0.07,0.16
9364,-0.77,-0.08,0.18
9365,-0.82,-0.25,0.23
9367,-0.86,-0.43,0.31
9370,-0.90,-0.64,0.41
9377,-0.92,-0.89,0.52
9381,-0.94,-1.13,0.65
9384,-0.93,-1.33,0.78
9390,-0.92,-1.51,0.91
9395,-0.90,-1.60,1.03
9401,-0.86,-1.47,1.12
9406,-0.81,-1.22,1.17
9410,-0.75,-1.10,1.16
9416,-0.70,-1.17,1.09
9422,-0.63,-1.32,0.96
9425,-0.56,-1.50,0.80
9430,-0.48,-1.70,0.63
9435,-0.39,-1.89,0.45
9440,-0.29,-2.04,0.30
9445,-0.18,-2.17,0.16
9450,-0.08,-2.25,0.06
9456,0.03,-2.29,-0.02
9459,0.11,-2.35,-0.06
9467,0.16,-2.39,-0.10
9472,0.21,-2.36,-0.14
9474,0.24,-2.26,-0.19
9480,0.28,-2.15,-0.26
9485,0.33,-2.10,-0.34
9489,0.39,-2.08,-0.41
9494,0.46,-2.10,-0.47
9501,0.52,-2.16,-0.48
9506,0.57,-2.32,-0.42
9510,0.61,-2.61,-0.28
9521,0.65,-2.92,-0.09
9523,0.66,-3.16,0.13
9526,0.64,-3.33,0.38
9531,0.60,-3.52,0.66
9540,0.56,-3.82,0.93
9541,0.50,-4.21,1.18
9548,0.43,-4.62,1.43
9550,0.34,-5.00,1.68
9555,0.24,-5.31,1.93
9561,0.13,-5.56,2.19
9565,0.02,-5.76,2.46
9571,-0.08,-5.95,2.74
9578,-0.17,-6.15,3.00
9580,-0.26,-6.35,3.25
9587,-0.35,-6.52,3.45
9590,-0.45,-6.68,3.59
9596,-0.56,-6.86,3.65
9602,-0.71,-7.03,3.62
9608,-0.88,-7.19,3.52
9611,-1.06,-7.32,3.38
9615,-1.27,-7.41,3.22
9622,-1.50,-7.49,3.07
9632,-1.72,-7.59,2.96
9633,-1.95,-7.74,2.92
9635,-2.17,-7.85,2.95
9641,-2.39,-7.86,3.06
9646,-2.59,-7.81,3.21
9651,-2.78,-7.76,3.39
9657,-2.92,-7.76,3.57
9663,-3.02,-7.82,3.73
9667,-3.06,-7.92,3.85
9673,-3.07,-8.02,3.88
9675,-3.07,-8.09,3.82
9680,-3.07,-8.09,3.67
9688,-3.07,-7.98,3.45
9693,-3.06,-7.79,3.17
9696,-3.08,-7.58,2.85
9702,-3.17,-7.45,2.47
9706,-3.29,-7.29,2.10
9712,-3.40,-7.08,1.75
9716,-3.50,-6.89,1.44
9722,-3.60,-6.76,1.17
9728,-3.71,-6.68,0.96
9730,-3.83,-6.59,0.80
9738,-3.94,-6.48,0.69
9747,-4.04,-6.35,0.62
9748,-4.15,-6.24,0.57
9752,-4.27,-6.12,0.52
9756,-4.39,-6.00,0.48
9762,-4.50,-5.89,0.44
9766,-4.60,-5.80,0.39
9775,-4.68,-5.70,0.34
9776,-4.57,-5.36,0.26
9782,-4.07,-4.67,0.14
9789,-3.30,-3.90,-0.03
9791,-2.57,-3.43,-0.21
9798,-2.09,-3.35,-0.31
9802,-1.87,-3.49,-0.31
9807,-1.83,-3.73,-0.27
9811,-1.89,-4.02,-0.26
9816,-2.04,-4.28,-0.27
9823,-2.22,-4.45,-0.29
9828,-2.41,-4.55,-0.30
9833,-2.57,-4.58,-0.31
9839,-2.70,-4.52,-0.31
9841,-2.80,-4.39,-0.32
9849,-2.86,-4.25,-0.31
9851,-2.88,-4.11,-0.30
9856,-2.84,-4.00,-0.31
9862,-2.78,-3.88,-0.33
9867,-2.70,-3.76,-0.39
9873,-2.62,-3.62,-0.49
9877,-2.53,-3.42,-0.61
9884,-2.46,-3.22,-0.72
9889,-2.41,-3.06,-0.82
9891,-2.39,-2.93,-0.87
9896,-2.39,-2.84,-0.86
9905,-2.41,-2.78,-0.81
9907,-2.44,-2.73,-0.74
9913,-2.48,-2.68,-0.66
9917,-2.51,-2.60,-0.60
9923,-2.51,-2.49,-0.56
9928,-2.50,-2.30,-0.54
9932,-2.48,-2.04,-0.53
9939,-2.45,-1.72,-0.52
9944,-2.41,-1.38,-0.51
9946,-2.37,-1.05,-0.49
9952,-2.32,-0.74,-0.42
9962,-2.28,-0.48,-0.29
9964,-2.23,-0.27,-0.14
9966,-2.18,-0.13,0.03
9972,-2.13,-0.07,0.20
9978,-2.07,-0.03,0.37
9984,-2.00,0.02,0.53
9989,-1.91,0.09,0.69
9992,-1.80,0.19,0.85
9996,-1.67,0.30,1.02
