4,0.05,0.04,0.04
13,0.05,0.02,0.04
14,0.04,-0.01,0.04
18,0.03,-0.04,0.04
22,0.01,-0.05,0.04
32,0.00,-0.04,0.04
33,-0.01,-0.02,0.04
38,-0.02,0.01,0.04
49,-0.04,0.04,0.04
50,-0.05,0.07,0.05
53,-0.06,0.11,0.05
63,-0.07,0.14,0.05
64,-0.07,0.16,0.04
69,-0.08,0.17,0.04
72,-0.08,0.16,0.03
80,-0.09,0.14,0.02
84,-0.09,0.13,0.01
88,-0.09,0.13,0.01
97,-0.09,0.13,0.01
98,-0.08,0.15,0.01
104,-0.08,0.16,0.01
113,-0.08,0.19,0.02
113,-0.07,0.21,0.03
118,-0.06,0.23,0.03
123,-0.06,0.26,0.04
131,-0.05,0.27,0.04
133,-0.04,0.27,0.04
138,-0.03,0.25,0.04
148,-0.03,0.23,0.03
148,-0.02,0.20,0.02
153,-0.01,0.16,0.01
165,0.00,0.13,0.01
166,0.01,0.10,0.00
168,0.01,0.08,-0.00
172,0.02,0.07,-0.00
183,0.02,0.07,-0.00
184,0.02,0.08,0.00
187,0.02,0.10,0.01
197,0.02,0.13,0.01
198,0.02,0.16,0.02
202,0.02,0.20,0.03
214,0.02,0.22,0.03
215,0.02,0.24,0.04
218,0.03,0.24,0.04
222,0.03,0.23,0.04
231,0.04,0.20,0.04
233,0.05,0.16,0.04
238,0.06,0.11,0.04
249,0.07,0.06,0.04
249,0.08,0.02,0.03
253,0.08,-0.03,0.04
266,0.09,-0.05,0.04
267,0.10,-0.07,0.04
268,0.10,-0.07,0.04
273,0.10,-0.06,0.03
282,0.09,-0.05,0.04
283,0.10,-0.03,0.04
288,0.09,-0.01,0.05
299,0.09,0.01,0.05
300,0.09,0.03,0.06
303,0.08,0.04,0.07
316,0.08,0.03,0.08
317,0.08,0.01,0.08
318,0.09,-0.02,0.09
323,0.09,-0.08,0.08
332,0.10,-0.15,0.08
333,0.12,-0.23,0.08
338,0.13,-0.31,0.07
349,0.14,-0.37,0.07
350,0.16,-0.42,0.06
353,0.17,-0.46,0.06
365,0.18,-0.49,0.06
366,0.18,-0.51,0.06
368,0.18,-0.54,0.06
374,0.18,-0.57,0.07
382,0.18,-0.59,0.08
383,0.17,-0.61,0.09
388,0.16,-0.61,0.11
399,0.16,-0.61,0.12
400,0.16,-0.60,0.13
404,0.16,-0.57,0.13
418,0.17,-0.53,0.13
420,0.17,-0.49,0.12
421,0.19,-0.47,0.11
433,0.19,-0.47,0.10
434,0.20,-0.50,0.08
438,0.21,-0.55,0.05
441,0.22,-0.62,0.02
450,0.23,-0.71,-0.01
451,0.25,-0.83,-0.04
458,0.26,-0.98,-0.07
465,0.27,-1.14,-0.10
466,0.28,-1.29,-0.14
468,0.29,-1.42,-0.17
479,0.30,-1.54,-0.19
480,0.31,-1.63,-0.21
483,0.32,-1.73,-0.22
489,0.33,-1.84,-0.24
499,0.35,-1.96,-0.25
500,0.36,-2.10,-0.26
504,0.39,-2.27,-0.28
516,0.42,-2.48,-0.30
517,0.46,-2.75,-0.33
520,0.51,-3.09,-0.37
532,0.56,-3.47,-0.41
533,0.61,-3.90,-0.46
534,0.66,-4.35,-0.52
540,0.72,-4.81,-0.58
551,0.77,-5.25,-0.64
551,0.82,-5.66,-0.70
554,0.86,-6.05,-0.75
564,0.90,-6.46,-0.79
565,0.98,-6.87,-0.84
569,1.04,-7.29,-0.90
581,1.10,-7.75,-0.94
582,1.16,-8.28,-0.91
584,1.23,-8.89,-0.80
589,1.26,-9.51,-0.81
599,1.25,-10.12,-0.87
600,1.24,-10.75,-0.88
604,1.24,-11.37,-0.81
618,1.27,-12.00,-0.69
619,1.30,-12.63,-0.58
621,1.30,-13.21,-0.49
633,1.31,-13.75,-0.39
635,1.31,-14.25,-0.28
636,1.34,-14.71,-0.17
650,1.38,-15.13,-0.04
651,1.42,-15.50,0.07
652,1.44,-15.80,0.16
654,1.42,-16.03,0.22
667,1.42,-16.20,0.28
667,1.43,-16.33,0.33
670,1.47,-16.42,0.36
680,1.51,-16.46,0.39
681,1.55,-16.43,0.42
684,1.62,-16.33,0.44
697,1.79,-16.11,0.48
698,1.94,-15.78,0.54
699,2.07,-15.37,0.59
704,2.20,-14.86,0.65
716,2.36,-14.30,0.73
717,2.61,-13.71,0.77
720,2.83,-13.08,0.78
731,3.01,-12.37,0.77
732,3.20,-11.65,0.72
734,3.33,-10.87,0.60
751,3.16,-10.12,0.45
752,2.76,-9.47,0.25
754,2.73,-8.73,0.11
758,2.90,-7.47,0.25
768,2.84,-6.31,0.36
771,2.87,-4.95,0.19
773,2.57,-3.77,0.07
782,2.46,-2.55,0.05
783,2.54,-1.21,0.05
788,2.49,0.05,0.01
797,2.44,1.16,-0.08
797,2.50,2.07,-0.14
801,2.63,2.61,-0.17
805,2.76,2.73,-0.23
815,2.83,2.54,-0.31
816,2.87,2.19,-0.35
821,2.84,1.81,-0.37
832,2.73,1.45,-0.30
833,2.58,1.11,-0.36
836,2.27,0.91,-0.46
850,2.06,0.73,-0.41
851,1.91,0.69,-0.42
851,1.69,0.68,-0.43
857,1.52,0.68,-0.43
869,1.41,0.65,-0.43
869,1.30,0.54,-0.42
872,1.20,0.35,-0.42
882,1.13,0.11,-0.41
882,1.05,-0.14,-0.40
886,0.94,-0.39,-0.41
899,0.83,-0.52,-0.41
900,0.73,-0.58,-0.39
901,0.65,-0.59,-0.37
905,0.53,-0.58,-0.34
916,0.39,-0.49,-0.29
917,0.27,-0.34,-0.23
921,0.14,-0.17,-0.16
930,0.02,-0.02,-0.09
931,-0.08,0.07,-0.03
935,-0.19,0.10,0.04
941,-0.28,0.06,0.09
949,-0.37,-0.06,0.14
950,-0.46,-0.25,0.18
955,-0.55,-0.49,0.22
966,-0.66,-0.75,0.26
967,-0.77,-1.03,0.30
970,-0.88,-1.29,0.33
983,-0.98,-1.52,0.37
983,-1.09,-1.68,0.41
986,-1.19,-1.76,0.45
1000,-1.29,-1.78,0.48
1001,-1.38,-1.77,0.51
1003,-1.46,-1.71,0.54
1006,-1.52,-1.61,0.56
1016,-1.59,-1.51,0.56
1017,-1.66,-1.41,0.57
1020,-1.72,-1.32,0.57
1031,-1.75,-1.24,0.57
1032,-1.75,-1.21,0.57
1036,-1.74,-1.22,0.56
1048,-1.70,-1.22,0.54
1049,-1.63,-1.20,0.52
1051,-1.55,-1.18,0.52
1056,-1.48,-1.19,0.53
1067,-1.42,-1.21,0.54
1069,-1.35,-1.29,0.52
1071,-1.21,-1.37,0.53
1082,-1.05,-1.46,0.55
1083,-0.99,-1.48,0.54
1086,-1.08,-1.40,0.53
1098,-1.04,-1.14,0.54
1099,-1.03,-0.79,0.53
1101,-1.15,-0.48,0.47
1116,-1.04,-0.17,0.44
1117,-0.73,0.31,0.42
1118,-0.53,0.80,0.40
1121,-0.40,1.24,0.34
1131,-0.20,1.63,0.19
1132,0.10,1.93,-0.04
1140,0.45,2.10,-0.30
1142,0.86,2.13,-0.58
1149,1.32,2.01,-0.88
1151,1.81,1.78,-1.19
1156,2.27,1.52,-1.48
1165,2.69,1.29,-1.75
1166,3.06,1.09,-2.00
1171,3.41,0.91,-2.20
1182,3.71,0.77,-2.34
1183,3.95,0.69,-2.40
1187,4.06,0.70,-2.34
1198,4.08,0.80,-2.17
1199,4.05,0.98,-1.95
1202,3.95,1.26,-1.72
1207,3.83,1.73,-1.49
1216,3.73,2.28,-1.26
1218,3.57,2.87,-1.02
1222,3.31,3.39,-0.77
1233,3.06,3.79,-0.55
1234,2.82,4.10,-0.34
1237,2.56,4.27,-0.13
1248,2.29,4.26,0.06
1249,2.01,4.05,0.22
1253,1.75,3.68,0.34
1257,1.49,3.24,0.41
1265,1.22,2.77,0.41
1268,0.99,2.26,0.38
1272,0.84,1.70,0.32
1282,0.74,1.15,0.25
1283,0.67,0.64,0.16
1288,0.65,0.20,0.06
1302,0.65,-0.20,-0.07
1302,0.67,-0.53,-0.20
1303,0.70,-0.75,-0.32
1308,0.73,-0.85,-0.44
1320,0.75,-0.91,-0.53
1321,0.78,-0.92,-0.58
1323,0.81,-0.79,-0.61
1331,0.83,-0.52,-0.62
1333,0.86,-0.12,-0.59
1337,0.88,0.42,-0.55
1348,0.85,0.93,-0.50
1349,0.83,1.31,-0.36
1352,0.85,1.70,-0.20
1365,0.85,2.17,-0.08
1367,0.82,2.53,0.06
1368,0.82,2.77,0.21
1372,0.80,2.99,0.33
1382,0.76,3.08,0.42
1383,0.72,3.04,0.50
1387,0.70,2.92,0.56
1400,0.70,2.72,0.60
1401,0.68,2.43,0.61
1402,0.68,2.09,0.62
1418,0.67,1.73,0.62
1421,0.68,1.35,0.59
1422,0.72,0.97,0.55
1424,0.74,0.61,0.50
1434,0.74,0.27,0.45
1437,0.75,0.02,0.38
1438,0.75,-0.15,0.32
1450,0.74,-0.30,0.26
1452,0.71,-0.42,0.21
1454,0.67,-0.51,0.19
1467,0.61,-0.58,0.17
1468,0.56,-0.61,0.16
1469,0.49,-0.62,0.15
1473,0.42,-0.63,0.16
1482,0.35,-0.64,0.17
1483,0.28,-0.63,0.18
1492,0.21,-0.61,0.20
1500,0.15,-0.56,0.21
1500,0.12,-0.49,0.23
1503,0.10,-0.38,0.24
1515,0.09,-0.26,0.24
1516,0.09,-0.15,0.25
1518,0.09,-0.05,0.25
1523,0.10,0.03,0.25
1532,0.10,0.11,0.24
1533,0.11,0.17,0.24
1538,0.13,0.20,0.22
1550,0.13,0.19,0.21
1551,0.13,0.13,0.20
1554,0.12,0.06,0.20
1567,0.09,-0.02,0.20
1568,0.06,-0.09,0.21
1569,0.03,-0.12,0.22
1574,0.01,-0.13,0.22
1584,-0.02,-0.11,0.23
1586,-0.04,-0.07,0.24
1590,-0.06,-0.02,0.24
1598,-0.08,0.02,0.24
1599,-0.09,0.05,0.25
1604,-0.09,0.07,0.26
1617,-0.09,0.08,0.28
1618,-0.09,0.07,0.29
1619,-0.10,0.06,0.31
1631,-0.11,0.04,0.32
1632,-0.13,0.03,0.33
1633,-0.13,0.01,0.33
1638,-0.13,-0.03,0.33
1648,-0.13,-0.07,0.33
1649,-0.12,-0.09,0.33
1653,-0.09,-0.08,0.31
1666,-0.07,-0.06,0.30
1667,-0.06,-0.04,0.29
1669,-0.05,-0.02,0.28
1683,-0.03,0.00,0.27
1684,-0.03,0.01,0.29
1686,-0.04,0.02,0.32
1688,-0.05,0.04,0.35
1702,-0.07,0.11,0.38
1704,-0.11,0.19,0.41
1706,-0.14,0.29,0.44
1715,-0.16,0.40,0.45
1717,-0.17,0.49,0.46
1718,-0.18,0.53,0.45
1734,-0.20,0.50,0.42
1734,-0.23,0.39,0.38
1736,-0.25,0.20,0.31
1740,-0.25,-0.04,0.24
1750,-0.23,-0.31,0.18
1751,-0.22,-0.54,0.12
1754,-0.22,-0.68,0.08
1768,-0.23,-0.69,0.05
1769,-0.26,-0.56,0.04
1774,-0.29,-0.33,0.04
1779,-0.37,-0.06,0.07
1780,-0.50,0.17,0.10
1784,-0.68,0.35,0.11
1789,-0.88,0.43,0.09
1799,-1.11,0.42,0.05
1800,-1.36,0.32,-0.02
1805,-1.63,0.14,-0.12
1816,-1.95,-0.04,-0.28
1817,-2.31,-0.20,-0.48
1819,-2.68,-0.34,-0.68
1832,-3.02,-0.45,-0.86
1832,-3.31,-0.50,-1.02
1838,-3.57,-0.49,-1.16
1839,-3.85,-0.50,-1.29
1849,-4.11,-0.61,-1.37
1850,-4.32,-0.84,-1.41
1855,-4.53,-1.09,-1.42
1866,-4.79,-1.31,-1.41
1867,-5.09,-1.49,-1.40
1869,4.48,0.06,-1.33
1887,7.47,-4.13,-0.08
1889,2.02,-4.45,0.37
1892,3.04,-0.30,-0.35
1894,0.07,2.84,-0.20
1895,-3.34,3.36,0.23
1903,-4.61,1.68,-0.11
1903,-5.36,0.02,-0.56
1914,-6.70,-1.45,-0.78
1915,-6.68,-3.11,-0.95
1918,-5.88,-4.06,-1.15
1931,-5.11,-3.92,-1.24
1932,-3.94,-3.58,-1.36
1933,-2.89,-3.98,-1.20
1938,-1.95,-3.44,-0.88
1948,-0.88,-1.78,-0.53
1949,-0.24,-0.11,-0.18
1953,0.15,1.22,0.18
1964,0.39,2.28,0.56
1965,0.53,2.97,0.88
1969,0.55,3.34,1.11
1982,0.48,3.43,1.22
1984,0.36,3.13,1.21
1987,0.23,2.38,1.14
1989,0.15,1.33,1.03
1999,0.12,0.18,0.91
2000,0.11,-0.84,0.77
2005,0.12,-1.57,0.64
2017,0.14,-2.00,0.51
2019,0.14,-2.15,0.42
2022,0.12,-2.08,0.34
2032,0.12,-1.81,0.29
2032,0.11,-1.43,0.25
2035,0.13,-1.02,0.24
2040,0.22,-0.57,0.24
2048,0.36,-0.17,0.25
2049,0.51,0.13,0.26
2055,0.70,0.29,0.28
2066,0.91,0.32,0.30
2067,1.10,0.27,0.30
2071,1.26,0.22,0.28
2083,1.38,0.19,0.24
2084,1.46,0.19,0.18
2085,1.49,0.24,0.12
2101,1.48,0.31,0.06
2103,1.44,0.37,0.02
2104,1.36,0.42,-0.02
2105,1.22,0.43,-0.03
2118,1.09,0.39,0.01
2118,1.07,0.24,0.11
2121,1.14,0.02,0.28
2125,1.24,-0.20,0.48
2133,1.36,-0.32,0.68
2136,1.51,-0.32,0.87
2153,1.69,-0.23,1.07
2155,1.89,-0.01,1.26
2156,2.09,0.35,1.44
2158,2.23,0.78,1.60
2160,2.29,1.22,1.74
2166,2.30,1.67,1.84
2171,2.27,2.11,1.91
2180,2.19,2.38,1.93
2181,2.09,2.42,1.91
2184,1.96,2.30,1.84
2196,1.87,2.04,1.72
2198,1.84,1.64,1.59
2199,1.80,1.13,1.44
2204,1.73,0.55,1.25
2213,1.64,-0.03,1.03
2215,1.53,-0.57,0.79
2220,1.41,-1.01,0.57
2226,1.29,-1.26,0.37
2235,1.16,-1.35,0.19
2236,0.99,-1.28,0.02
2241,0.81,-1.04,-0.11
2249,0.63,-0.72,-0.23
2250,0.50,-0.40,-0.31
2256,0.42,-0.16,-0.36
2265,0.38,-0.03,-0.38
2266,0.36,0.01,-0.39
2271,0.34,-0.00,-0.40
2281,0.33,-0.08,-0.40
2282,0.32,-0.20,-0.40
2286,0.30,-0.30,-0.38
2299,0.27,-0.32,-0.37
2299,0.21,-0.28,-0.35
2300,0.09,-0.18,-0.33
2306,-0.06,-0.07,-0.31
2315,-0.26,0.00,-0.29
2317,-0.46,0.03,-0.27
2321,-0.66,-0.01,-0.25
2333,-0.87,-0.09,-0.22
2335,-1.11,-0.18,-0.17
2336,-1.37,-0.22,-0.13
2349,-1.63,-0.20,-0.10
2350,-1.81,-0.20,-0.08
2351,-1.96,-0.30,-0.07
2355,-2.15,-0.42,-0.06
2365,-2.40,-0.48,-0.09
2367,-2.71,-0.44,-0.14
2371,-3.09,-0.41,-0.20
2382,-3.52,-0.50,-0.27
2383,-3.97,-0.70,-0.32
2385,-4.38,-0.96,-0.37
2398,-5.53,0.86,-0.37
2399,8.46,5.00,-0.87
2401,10.07,-0.92,-0.12
2406,3.04,1.15,0.88
2414,1.86,2.14,0.19
2416,-0.83,2.29,0.27
2421,-3.54,-0.12,0.14
2431,-5.23,-2.24,-0.20
2436,-6.33,-3.06,-0.61
2440,-6.59,-3.77,-1.00
2442,-6.30,-4.55,-1.29
2450,-5.81,-4.87,-1.37
2451,-5.10,-4.46,-1.31
2457,-4.07,-2.88,-1.17
2467,-2.58,-1.36,-0.99
2468,-1.54,-0.41,-0.56
2472,-0.74,0.90,-0.10
2482,-0.08,2.35,0.32
2483,0.32,3.42,0.76
2487,0.54,3.95,1.12
2497,0.62,4.13,1.35
2498,0.59,4.01,1.45
2504,0.54,3.46,1.44
2507,0.51,2.42,1.37
2516,0.53,1.09,1.26
2517,0.61,-0.21,1.15
2522,0.76,-1.21,1.00
2532,0.96,-1.77,0.86
2533,1.16,-1.92,0.74
2537,1.36,-1.75,0.64
2549,1.56,-1.37,0.56
2551,1.76,-0.91,0.50
2552,1.96,-0.44,0.45
2557,2.14,-0.05,0.42
2572,2.30,0.21,0.39
2575,2.45,0.31,0.36
2577,2.62,0.31,0.36
2584,2.78,0.24,0.35
2586,2.93,0.15,0.34
2587,3.01,0.05,0.38
2597,3.06,-0.01,0.44
2599,3.11,0.02,0.50
2601,3.14,0.04,0.58
2614,3.15,0.02,0.68
2614,3.17,0.01,0.80
2616,3.21,0.03,0.91
2622,3.24,0.05,1.03
2635,3.23,0.07,1.17
2638,3.18,0.12,1.33
2640,3.13,0.28,1.47
2649,3.09,0.51,1.60
2650,2.99,0.73,1.70
2652,2.85,0.92,1.79
2657,2.68,1.11,1.86
2666,2.51,1.25,1.93
2667,2.33,1.30,2.01
2671,2.16,1.29,2.08
2683,2.01,1.24,2.16
2683,1.90,1.12,2.24
2688,1.80,0.91,2.31
2702,1.72,0.61,2.38
2703,1.68,0.24,2.43
2704,1.65,-0.11,2.47
2708,1.65,-0.32,2.47
2716,1.65,-0.33,2.44
2718,1.62,-0.18,2.41
2723,1.57,0.05,2.41
2733,1.50,0.28,2.44
2733,1.44,0.47,2.52
2737,1.42,0.59,2.64
2748,1.41,0.61,2.80
2749,1.41,0.55,2.98
2753,1.44,0.41,3.17
2768,1.48,0.26,3.33
2770,1.52,0.13,3.44
2772,1.53,0.09,3.51
2773,1.53,0.14,3.53
2780,1.52,0.23,3.49
2783,1.49,0.27,3.38
2788,1.44,0.22,3.24
2799,1.38,0.11,3.09
2801,1.35,-0.02,2.99
2810,1.33,-0.09,2.93
2812,1.33,-0.15,2.91
2813,1.30,-0.26,2.97
2821,1.24,-0.37,3.09
2822,1.19,-0.44,3.24
2830,1.12,-0.42,3.41
2832,1.03,-0.35,3.56
2837,0.94,-0.29,3.67
2845,0.85,-0.22,3.76
2850,0.78,-0.11,3.82
2853,0.74,0.09,3.86
2864,0.71,0.39,3.87
2866,0.69,0.70,3.84
2868,0.66,0.94,3.81
2882,0.65,1.15,3.77
2883,0.67,1.35,3.73
2884,0.65,1.58,3.68
2888,0.61,1.80,3.57
2898,0.52,1.83,3.46
2900,0.41,1.62,3.33
2903,0.30,1.20,3.17
2915,0.17,0.63,2.98
2916,-0.03,-0.01,2.76
2917,-0.27,-0.66,2.53
2923,-0.53,-1.18,2.32
2931,-0.83,-1.50,2.14
2933,-1.21,-1.55,2.04
2937,-1.62,-1.25,2.03
2951,-1.99,-0.60,2.12
2952,-2.35,0.22,2.30
2955,-2.72,0.94,2.54
2964,-3.07,1.44,2.78
2965,-3.39,1.70,2.94
2968,-3.72,1.71,3.00
2975,-4.08,1.51,2.94
2979,-4.47,1.14,2.76
2983,-4.87,0.53,2.45
2988,-5.31,-0.40,2.11
2998,-5.78,-1.45,1.75
2999,-6.50,-2.39,1.43
3004,-0.02,-8.81,0.21
3016,6.99,-13.46,-2.10
3017,0.11,-6.17,-1.72
3018,-0.31,-0.66,-0.40
3023,-2.29,7.32,1.57
3034,-4.68,16.36,2.58
3035,-5.90,17.46,2.61
3038,-5.91,17.37,2.56
3049,-4.97,15.55,2.21
3051,-3.67,9.90,2.20
3054,-2.94,-1.02,1.73
3066,-1.02,-9.19,1.30
3067,0.43,-11.12,1.03
3068,1.08,-11.66,0.79
3082,1.25,-10.22,0.70
3083,0.96,-7.55,0.81
3085,0.91,-2.44,1.02
3088,0.75,3.51,0.77
3100,0.07,6.55,1.04
3101,-0.37,7.72,1.59
3104,-0.43,7.97,1.62
3114,-0.27,7.12,1.59
3116,-0.05,5.77,1.53
3119,0.11,3.55,1.33
3132,0.30,0.18,1.00
3134,0.52,-2.06,0.78
3135,0.57,-2.96,0.64
3140,0.62,-3.46,0.63
3146,0.75,-3.60,0.66
3150,0.88,-3.34,0.72
3154,0.98,-2.62,0.91
3163,1.06,-1.44,1.10
3164,1.26,0.12,1.36
3169,1.72,1.91,1.56
3183,2.05,3.27,1.70
3184,2.22,3.91,1.84
3186,2.42,4.04,1.94
3192,2.60,3.87,1.93
3198,2.76,3.43,1.85
3200,2.86,2.70,1.72
3204,2.83,1.73,1.58
3216,2.64,0.76,1.47
3217,2.47,0.13,1.29
3219,2.29,-0.27,1.13
3234,2.07,-0.59,1.01
3235,1.86,-0.87,0.95
3236,1.64,-1.09,0.94
3240,1.48,-1.16,0.95
3249,1.43,-1.05,0.99
3250,1.47,-0.84,1.02
3255,1.56,-0.55,1.10
3270,1.69,-0.11,1.17
3272,1.83,0.40,1.24
3276,1.90,0.94,1.31
3280,1.91,1.46,1.33
3280,1.88,1.90,1.32
3287,1.80,2.18,1.27
3290,1.68,2.24,1.17
3297,1.52,2.06,1.02
3299,1.29,1.65,0.84
3308,1.02,1.13,0.64
3317,0.71,0.59,0.44
3318,0.41,0.09,0.24
3319,0.12,-0.39,0.06
3331,-0.15,-0.81,-0.09
3332,-0.34,-1.11,-0.20
3335,-0.45,-1.20,-0.26
3340,-0.49,-1.05,-0.29
3350,-0.46,-0.68,-0.29
3351,-0.37,-0.20,-0.27
3355,-0.25,0.25,-0.19
3366,-0.09,0.61,-0.06
3367,0.08,0.85,0.09
3370,0.24,0.93,0.28
3382,0.36,0.88,0.45
3383,0.38,0.68,0.59
3385,0.30,0.42,0.70
3390,0.22,0.22,0.77
3400,0.13,0.09,0.79
3401,0.00,0.04,0.77
3404,-0.15,0.07,0.71
3415,-0.33,0.14,0.60
3417,-0.54,0.23,0.49
3421,-0.75,0.38,0.36
3432,-0.92,0.54,0.26
3434,-1.06,0.61,0.21
3436,-1.20,0.59,0.21
3440,-1.32,0.53,0.31
3449,-1.42,0.53,0.46
3452,-1.50,0.57,0.65
3455,-1.59,0.52,0.86
3465,-1.71,0.38,1.05
3466,-1.87,0.37,1.18
3470,-2.03,0.53,1.22
3482,-2.19,0.77,1.15
3483,-2.39,0.96,0.97
3484,-2.63,1.04,0.70
3499,-2.91,1.08,0.35
3500,-3.24,1.08,-0.06
3502,-3.61,0.95,-0.49
3507,-4.03,0.65,-0.87
3516,-4.46,0.21,-1.22
3517,-4.92,-0.37,-1.51
3524,-5.37,-1.10,-1.74
3532,-5.75,-1.95,-1.87
3534,-6.03,-2.82,-1.90
3535,-6.20,-3.55,-1.86
3549,-4.50,3.13,0.20
3550,0.52,2.65,-1.35
3552,-0.40,0.34,0.17
3555,-0.29,1.40,0.83
3566,-0.54,2.21,-0.49
3569,-1.75,1.71,-0.59
3571,-3.64,-0.97,-0.73
3582,-5.61,-1.92,-0.90
3583,-6.87,-3.91,-0.83
3586,-6.67,-6.57,-0.76
3596,-5.61,-6.70,-0.74
3597,-3.97,-3.19,-0.77
3601,-1.14,-0.89,-0.94
3606,0.25,0.05,-0.63
3616,1.46,0.01,-0.23
3617,2.71,1.18,0.03
3621,3.26,2.69,0.37
3632,3.40,3.43,0.64
3634,3.38,3.69,0.83
3635,3.11,3.70,0.85
3640,2.55,3.19,0.93
3648,1.45,2.12,1.00
3650,0.58,1.14,0.83
3656,0.28,0.17,0.68
3665,0.09,-0.93,0.54
3666,-0.01,-1.73,0.51
3671,0.03,-2.22,0.47
3681,0.21,-2.37,0.48
3682,0.50,-2.19,0.49
3687,0.83,-1.67,0.52
3699,1.15,-0.85,0.60
3702,1.38,0.13,0.65
3704,1.57,1.07,0.71
3707,1.73,1.85,0.77
3717,1.86,2.31,0.86
3721,1.94,2.42,0.93
3723,1.96,2.24,1.01
3733,1.96,1.89,1.09
3734,1.99,1.51,1.15
3737,2.07,1.21,1.22
3746,2.18,0.99,1.25
3747,2.28,0.88,1.27
3751,2.38,0.86,1.25
3756,2.48,0.91,1.22
3763,2.58,0.99,1.17
3767,2.66,1.10,1.08
3771,2.71,1.20,0.96
3781,2.72,1.28,0.81
3782,2.66,1.30,0.66
3788,2.54,1.29,0.48
3799,2.41,1.28,0.29
3801,2.27,1.26,0.10
3802,2.11,1.20,-0.10
3807,1.94,1.12,-0.29
3817,1.79,1.04,-0.47
3819,1.67,0.95,-0.63
3822,1.56,0.80,-0.75
3832,1.46,0.65,-0.86
3835,1.42,0.47,-0.94
3837,1.39,0.25,-0.98
3849,1.39,0.01,-0.98
3850,1.42,-0.21,-0.96
3852,1.47,-0.33,-0.92
3868,1.53,-0.34,-0.87
3869,1.60,-0.27,-0.81
3870,1.67,-0.17,-0.74
3872,1.71,-0.02,-0.65
3877,1.75,0.16,-0.54
3882,1.78,0.38,-0.43
3888,1.80,0.58,-0.33
3898,1.80,0.73,-0.24
3899,1.79,0.82,-0.17
3902,1.77,0.90,-0.13
3915,1.73,0.97,-0.13
3917,1.69,0.98,-0.15
3919,1.63,0.96,-0.20
3923,1.55,0.95,-0.28
3931,1.46,0.92,-0.39
3933,1.37,0.81,-0.48
3938,1.29,0.64,-0.57
3957,1.21,0.41,-0.64
3959,1.14,0.16,-0.70
3960,1.06,-0.10,-0.74
3962,0.96,-0.36,-0.75
3963,0.89,-0.60,-0.75
3966,0.85,-0.77,-0.73
3971,0.84,-0.84,-0.72
3976,0.86,-0.82,-0.71
3981,0.91,-0.75,-0.72
3988,0.96,-0.65,-0.73
3994,0.99,-0.52,-0.75
3996,0.99,-0.33,-0.81
4002,0.97,-0.11,-0.91
4008,0.94,0.00,-1.05
4013,0.86,-0.11,-1.22
4018,0.71,-0.44,-1.41
4022,0.52,-0.88,-1.62
4027,0.34,-1.42,-1.84
4031,0.19,-2.02,-2.04
4038,0.05,-2.63,-2.22
4044,-0.09,-3.12,-2.40
4048,-0.18,-3.39,-2.57
4053,-0.22,-3.38,-2.71
4061,-0.22,-3.10,-2.83
4063,-0.19,-2.54,-2.93
4067,-0.15,-1.75,-3.03
4072,-0.07,-0.87,-3.15
4077,0.02,-0.08,-3.29
4083,0.07,0.50,-3.42
4087,0.05,0.77,-3.52
4094,-0.06,0.66,-3.63
4098,-0.26,0.18,-3.73
4102,-0.46,-0.60,-3.82
4109,-0.76,-2.17,-3.74
4117,-1.17,-4.32,-3.54
4119,-1.43,-6.55,-3.38
4122,-1.86,-8.37,-2.73
4127,-2.29,-7.53,-2.01
4132,-1.98,-6.28,-1.08
4138,-2.20,-5.43,-0.79
4146,-2.64,-4.10,-0.71
4147,-2.93,-2.87,-0.61
4153,-3.20,-1.82,-0.49
4161,-3.51,-0.72,-0.34
4163,-3.84,-0.03,-0.11
4168,-4.16,1.63,0.19
4173,-4.43,3.74,0.54
4178,-4.71,6.51,0.89
4182,-5.12,7.70,1.26
4188,-4.53,-6.33,0.98
4194,5.16,-17.45,0.05
4199,-3.99,-7.92,-0.03
4203,-4.38,-2.40,0.15
4210,-1.89,3.20,1.62
4213,-1.71,9.87,3.24
4217,-2.29,4.49,2.66
4223,-4.30,-0.59,1.80
4232,-2.77,1.85,2.22
4235,-1.87,9.98,3.61
4238,-2.32,11.02,3.45
4242,-3.12,13.10,3.39
4248,-2.99,14.64,3.11
4253,-2.43,13.46,2.45
4261,-3.20,7.99,2.28
4263,-3.55,0.69,1.81
4268,-3.27,-2.02,1.13
4273,-3.19,-4.76,0.58
4278,-3.33,-5.71,0.17
4283,-3.48,-5.28,-0.15
4289,-3.35,-3.97,-0.42
4295,-2.97,-2.24,-0.58
4299,-2.60,-0.31,-0.56
4303,-2.12,1.31,-0.45
4310,-1.50,2.44,-0.27
4314,-0.74,3.11,-0.06
4318,0.01,3.37,0.14
4326,0.64,3.29,0.31
4328,1.17,3.03,0.43
4333,1.63,2.74,0.46
4338,1.95,2.52,0.41
4345,2.08,2.40,0.31
4350,2.07,2.38,0.16
4353,2.01,2.42,-0.06
4360,1.87,2.43,-0.32
4363,1.65,2.32,-0.62
4368,1.45,2.05,-0.91
4376,1.31,1.59,-1.16
4378,1.25,1.07,-1.37
4384,1.24,0.61,-1.54
4388,1.28,0.22,-1.64
4394,1.25,-0.15,-1.70
4399,1.20,-0.54,-1.73
4404,1.19,-0.76,-1.73
4410,1.40,-0.33,-1.64
4414,1.79,0.79,-1.60
4419,1.88,1.56,-1.59
4423,1.84,1.80,-1.32
4428,1.91,1.91,-1.09
4433,2.05,1.70,-1.01
4438,2.16,0.99,-0.84
4447,2.28,0.18,-0.66
4449,2.45,-0.47,-0.54
4454,2.60,-1.09,-0.40
4463,2.71,-1.68,-0.23
4464,2.81,-2.14,-0.04
4469,2.87,-2.47,0.16
4476,2.84,-2.60,0.35
4478,2.78,-2.44,0.52
4484,2.66,-2.02,0.65
4495,2.47,-1.45,0.74
4496,2.23,-0.75,0.78
4500,1.96,0.09,0.77
4504,1.66,1.02,0.69
4513,1.36,1.93,0.53
4514,1.07,2.61,0.31
4521,0.83,3.01,0.08
4526,0.65,3.19,-0.18
4528,0.51,3.17,-0.46
4534,0.42,2.96,-0.78
4540,0.37,2.53,-1.10
4545,0.34,1.91,-1.44
4553,0.32,1.16,-1.75
4554,0.31,0.41,-2.04
4561,0.31,-0.33,-2.28
4564,0.28,-1.03,-2.47
4569,0.27,-1.64,-2.59
4576,0.27,-2.04,-2.64
4579,0.30,-2.21,-2.60
4584,0.36,-2.18,-2.50
4592,0.48,-1.99,-2.33
4594,0.63,-1.65,-2.10
4599,0.83,-1.19,-1.84
4605,1.03,-0.60,-1.58
4610,1.24,0.06,-1.32
4615,1.42,0.68,-1.10
4620,1.56,1.15,-0.89
4626,1.67,1.50,-0.72
4629,1.73,1.72,-0.59
4634,1.72,1.77,-0.51
4643,1.67,1.70,-0.46
4645,1.58,1.51,-0.46
4650,1.46,1.20,-0.50
4655,1.34,0.76,-0.57
4661,1.21,0.27,-0.67
4665,1.11,-0.23,-0.78
4669,1.03,-0.69,-0.89
4681,0.99,-1.11,-1.00
4686,0.97,-1.46,-1.10
4687,0.96,-1.73,-1.19
4692,0.98,-1.91,-1.26
4694,1.01,-2.01,-1.32
4701,1.05,-2.06,-1.36
4705,1.07,-2.07,-1.40
4712,1.09,-2.04,-1.42
4716,1.08,-2.01,-1.43
4720,1.05,-1.96,-1.43
4728,0.99,-1.89,-1.43
4730,0.89,-1.82,-1.42
4736,0.77,-1.75,-1.41
4743,0.62,-1.67,-1.41
4744,0.46,-1.60,-1.42
4750,0.29,-1.56,-1.42
4755,0.12,-1.57,-1.43
4761,-0.04,-1.64,-1.44
4766,-0.19,-1.75,-1.45
4769,-0.32,-1.87,-1.46
4782,-0.43,-1.99,-1.48
4788,-0.51,-2.12,-1.50
4791,-0.56,-2.24,-1.51
4792,-0.58,-2.31,-1.50
4797,-0.55,-2.26,-1.49
4800,-0.51,-2.15,-1.47
4805,-0.45,-1.94,-1.46
4809,-0.37,-1.67,-1.45
4818,-0.30,-1.41,-1.43
4820,-0.25,-1.18,-1.41
4828,-0.21,-1.03,-1.39
4831,-0.18,-0.95,-1.37
4835,-0.18,-0.95,-1.34
4842,-0.21,-1.02,-1.32
4845,-0.26,-1.13,-1.29
4851,-0.34,-1.27,-1.27
4855,-0.43,-1.44,-1.25
4862,-0.51,-1.61,-1.24
4866,-0.60,-1.78,-1.23
4872,-0.69,-1.90,-1.21
4878,-0.76,-1.91,-1.20
4882,-0.81,-1.75,-1.20
4886,-0.86,-1.46,-1.21
4892,-0.90,-1.08,-1.23
4897,-0.94,-0.69,-1.26
4901,-0.97,-0.33,-1.29
4904,-0.99,0.04,-1.31
4910,-1.01,0.36,-1.32
4916,-1.01,0.62,-1.33
4920,-0.99,0.80,-1.33
4927,-0.97,0.91,-1.33
4931,-0.95,0.92,-1.31
4936,-0.93,0.86,-1.28
4944,-0.89,0.74,-1.24
4946,-0.83,0.59,-1.20
4951,-0.75,0.40,-1.17
4956,-0.68,0.23,-1.13
4962,-0.60,0.09,-1.10
4966,-0.53,0.02,-1.08
4971,-0.45,0.01,-1.07
4976,-0.41,0.06,-1.06
4980,-0.40,0.17,-1.05
4987,-0.42,0.32,-1.05
4994,-0.46,0.51,-1.05
4995,-0.51,0.71,-1.05
5000,-0.57,0.88,-1.04
5006,-0.65,1.02,-1.04
5011,-0.75,1.09,-1.04
5016,-0.85,1.10,-1.05
5021,-0.95,1.04,-1.05
5026,-1.04,0.92,-1.05
5031,-1.12,0.77,-1.06
5036,-1.18,0.60,-1.07
5042,-1.23,0.44,-1.08
5047,-1.28,0.30,-1.09
5051,-1.30,0.21,-1.10
5059,-1.31,0.14,-1.12
5060,-1.30,0.11,-1.13
5067,-1.27,0.10,-1.13
5071,-1.23,0.10,-1.12
5077,-1.19,0.13,-1.10
5081,-1.15,0.18,-1.08
5090,-1.13,0.25,-1.05
5094,-1.10,0.32,-1.02
5096,-1.08,0.39,-1.00
5101,-1.08,0.43,-0.96
5109,-1.09,0.45,-0.92
5110,-1.10,0.44,-0.89
5117,-1.10,0.39,-0.86
5121,-1.09,0.29,-0.83
5127,-1.07,0.15,-0.79
5132,-1.04,0.02,-0.76
5136,-0.99,-0.07,-0.72
5143,-0.95,-0.11,-0.69
5147,-0.89,-0.11,-0.66
5152,-0.82,-0.05,-0.63
5159,-0.76,0.04,-0.59
5161,-0.70,0.15,-0.55
5167,-0.67,0.25,-0.51
5171,-0.64,0.32,-0.47
5178,-0.62,0.36,-0.42
5181,-0.61,0.36,-0.36
5186,-0.61,0.33,-0.30
5194,-0.63,0.29,-0.25
5198,-0.65,0.26,-0.21
5201,-0.67,0.26,-0.18
5208,-0.67,0.27,-0.16
5211,-0.65,0.27,-0.15
5217,-0.62,0.29,-0.15
5222,-0.59,0.35,-0.17
5229,-0.55,0.42,-0.22
5232,-0.52,0.46,-0.26
5237,-0.49,0.43,-0.29
5243,-0.47,0.34,-0.31
5247,-0.45,0.22,-0.32
5252,-0.45,0.08,-0.32
5258,-0.45,-0.07,-0.31
5261,-0.47,-0.20,-0.30
5267,-0.49,-0.31,-0.28
5271,-0.51,-0.38,-0.28
5277,-0.52,-0.43,-0.28
5282,-0.51,-0.45,-0.30
5290,-0.49,-0.45,-0.34
5291,-0.44,-0.41,-0.39
5297,-0.39,-0.33,-0.44
5302,-0.31,-0.19,-0.50
5308,-0.22,-0.02,-0.54
5312,-0.13,0.15,-0.58
5318,-0.04,0.30,-0.59
5325,0.09,0.39,-0.57
5327,0.21,0.43,-0.54
5333,0.35,0.35,-0.48
5337,0.49,0.13,-0.40
5343,0.65,-0.16,-0.29
5348,0.86,-0.44,-0.18
5353,1.13,-0.73,-0.10
5359,1.39,-1.02,-0.04
5362,1.61,-1.22,0.02
5368,1.76,-1.30,0.07
5375,1.80,-1.19,0.12
5389,1.69,-0.86,0.18
5390,1.40,-0.30,0.27
5391,0.89,0.52,0.35
5392,0.21,1.49,0.38
5398,-0.62,2.49,0.32
5403,-1.57,3.24,0.11
5409,-2.42,3.51,-0.22
5413,-3.17,3.34,-0.66
5418,-3.82,2.74,-1.19
5422,-4.35,1.76,-1.76
5427,-4.71,0.51,-2.30
5434,-4.93,-0.82,-2.72
5437,-5.07,-1.92,-2.96
5443,-5.15,-2.59,-3.06
5449,-5.22,-2.84,-3.03
5453,-5.23,-2.67,-2.85
5459,-6.17,-3.98,-2.73
5462,-0.50,-16.93,-2.45
5468,-0.01,-17.45,-3.40
5476,-1.78,-7.98,-2.78
5485,-1.56,1.58,-1.66
5486,-2.03,8.81,-0.41
5488,-2.30,14.80,0.13
5493,-3.01,17.46,0.17
5498,-3.97,17.46,-0.41
5502,-2.81,17.35,-0.83
5509,-2.19,14.48,-1.14
5514,-2.46,3.22,-1.27
5518,-0.15,-2.65,-1.76
5525,0.76,-6.17,-2.16
5527,0.88,-8.59,-2.28
5534,1.15,-9.37,-2.32
5537,1.11,-9.01,-2.20
5544,0.96,-7.53,-2.07
5550,0.85,-5.04,-1.73
5552,0.94,-2.09,-1.36
5558,1.27,0.83,-1.00
5563,1.63,3.00,-0.69
5572,1.96,3.95,-0.49
5574,2.32,3.92,-0.32
5578,2.59,3.06,-0.26
5583,2.81,1.75,-0.15
5588,2.99,0.40,-0.13
5593,3.10,-0.69,-0.14
5597,3.12,-1.44,-0.22
5603,3.00,-1.85,-0.35
5609,2.70,-2.00,-0.47
5613,2.36,-1.96,-0.67
5617,2.15,-1.74,-0.88
5626,2.10,-1.55,-1.02
5628,2.05,-1.20,-1.06
5634,2.06,-0.75,-1.15
5639,2.17,-0.27,-1.22
5645,2.32,0.15,-1.24
5648,2.42,0.30,-1.19
5653,2.44,0.17,-1.06
5664,2.41,-0.02,-0.91
5666,2.51,0.08,-0.73
5669,2.54,0.44,-0.55
5675,2.32,0.69,-0.37
5678,2.12,0.69,-0.23
5683,1.92,0.60,-0.08
5691,1.72,0.64,0.04
5693,1.46,0.83,0.09
5698,1.16,1.04,0.11
5703,0.94,1.09,0.12
5709,0.79,1.04,0.17
5714,0.71,0.93,0.22
5719,0.63,0.80,0.29
5725,0.57,0.68,0.37
5728,0.53,0.63,0.49
5733,0.48,0.64,0.61
5739,0.45,0.72,0.72
5743,0.43,0.81,0.84
5752,0.39,0.88,0.94
5754,0.33,0.93,1.03
5758,0.27,0.97,1.08
5763,0.22,0.99,1.11
5769,0.19,1.01,1.14
5775,0.15,1.09,1.15
5779,0.12,1.19,1.17
5784,0.06,1.30,1.16
5791,0.02,1.36,1.16
5793,0.05,1.33,1.17
5798,0.15,1.25,1.22
5804,0.28,1.13,1.27
5809,0.41,0.99,1.31
5814,0.55,0.86,1.34
5819,0.69,0.71,1.35
5826,0.81,0.54,1.35
5828,0.93,0.35,1.33
5834,1.03,0.17,1.29
5839,1.11,0.07,1.25
5845,1.16,0.05,1.21
5849,1.18,0.20,1.16
5854,1.18,0.45,1.07
5859,1.15,0.66,0.97
5865,1.11,0.83,0.88
5869,1.09,0.94,0.78
5876,1.10,1.00,0.65
5881,1.11,0.98,0.50
5885,1.12,0.85,0.33
5891,1.09,0.62,0.14
5893,0.99,0.32,-0.07
5899,0.82,0.02,-0.32
5904,0.56,-0.22,-0.59
5909,0.21,-0.43,-0.87
5914,-0.26,-0.65,-1.12
5919,-0.79,-0.85,-1.35
5931,-1.36,-0.98,-1.53
5932,-1.91,-1.02,-1.64
5934,-2.44,-0.99,-1.68
5941,-2.97,-0.89,-1.61
5944,-3.48,-0.69,-1.48
5950,-3.96,-0.40,-1.33
5958,-4.36,-0.11,-1.16
5959,-4.70,0.09,-0.97
5965,-5.04,0.23,-0.81
5969,-5.41,0.26,-0.71
5975,-5.79,0.05,-0.66
5979,-4.81,0.49,-0.80
5985,5.89,10.86,-2.75
5989,-0.69,0.89,-2.23
5994,-1.79,0.32,-0.31
5999,-0.49,2.74,-0.39
6014,-1.67,3.68,0.32
6016,-6.73,-0.33,-1.40
6016,-9.80,-7.32,-1.45
6021,-13.57,-10.30,-1.03
6024,-11.02,-5.59,-0.10
6029,-4.21,-6.75,-0.83
6035,-4.26,-5.06,-0.75
6041,-6.81,-2.16,-0.49
6046,-6.56,-4.89,-0.62
6050,-3.81,-5.86,-1.00
6054,-0.51,-2.81,-0.98
6059,0.26,0.44,-0.43
6066,0.75,2.48,0.10
6070,1.61,3.59,0.58
6075,1.87,3.93,1.04
6079,1.73,3.74,1.47
6088,1.46,3.19,1.72
6092,1.15,2.17,1.69
6094,0.82,0.95,1.48
6100,0.50,-0.26,1.14
6109,0.21,-1.58,0.93
6110,-0.07,-2.55,0.74
6114,-0.24,-3.13,0.53
6119,-0.35,-3.37,0.32
6125,-0.20,-3.33,0.12
6129,0.19,-3.03,-0.02
6134,0.77,-2.29,-0.07
6139,1.51,-1.31,0.04
6145,2.00,-0.48,0.23
6149,2.36,0.03,0.46
6157,2.74,0.26,0.68
6160,3.10,0.43,0.88
6167,3.26,0.81,1.06
6170,3.30,1.22,1.21
6176,3.62,0.97,1.45
6179,3.75,1.05,1.66
6184,3.55,1.62,1.70
6192,3.34,1.86,1.66
6195,3.07,1.97,1.58
6199,2.81,1.93,1.43
6206,2.53,1.67,1.32
6210,2.18,1.18,1.26
6214,1.75,0.50,1.21
6221,1.33,-0.23,1.18
6225,1.00,-0.88,1.14
6230,0.70,-1.30,1.12
6235,0.43,-1.45,1.14
6244,0.26,-1.40,1.16
6246,0.22,-1.19,1.15
6250,0.31,-0.76,1.14
6257,0.41,-0.27,1.07
6261,0.48,0.03,0.98
6267,0.59,0.19,0.94
6271,0.72,0.28,0.93
6276,0.81,0.33,0.95
6280,0.88,0.32,1.03
6285,0.96,0.28,1.18
6292,1.08,0.18,1.37
6297,1.19,-0.01,1.56
6301,1.25,-0.36,1.79
6311,1.23,-0.77,2.00
6312,1.12,-1.08,2.14
6316,0.91,-1.31,2.19
6323,0.67,-1.49,2.19
6327,0.46,-1.59,2.13
6331,0.29,-1.53,2.02
6336,0.16,-1.26,1.91
6341,0.06,-0.75,1.82
6346,0.05,-0.07,1.77
6351,0.11,0.62,1.77
6357,0.17,1.23,1.82
6361,0.13,1.73,1.87
6366,-0.05,2.06,1.88
6371,-0.38,2.12,1.87
6376,-0.82,1.86,1.82
6381,-1.39,1.29,1.73
6386,-2.09,0.49,1.59
6391,-2.88,-0.39,1.41
6396,-3.71,-1.17,1.20
6403,-4.46,-1.73,0.96
6408,-5.12,-1.99,0.72
6411,-5.64,-1.96,0.48
6416,-6.05,-1.68,0.30
6422,-6.36,-1.25,0.14
6426,-6.52,-0.80,0.02
6432,-6.57,-0.43,-0.05
6436,-6.51,-0.19,-0.11
6442,-6.00,-0.20,-0.39
6447,-2.27,2.95,1.39
6451,-0.40,2.51,1.04
6459,-0.86,1.92,1.15
6461,-0.95,1.70,-0.53
6466,-0.84,1.14,0.97
6476,-2.51,1.33,1.23
6478,-6.41,-3.86,-0.25
6481,-8.80,-10.27,-0.12
6486,-8.71,-11.09,-0.81
6492,-5.32,-7.45,-1.66
6497,-2.55,-1.78,-2.03
6502,-2.88,-0.69,-1.53
6508,-3.01,-0.40,-1.14
6512,-1.14,0.22,-1.30
6517,0.41,0.52,-1.12
6521,1.01,2.34,-0.82
6527,1.59,3.34,-0.52
6531,1.95,3.41,-0.26
6537,2.17,3.27,0.24
6545,2.29,3.02,0.74
6554,2.32,2.81,1.23
6556,2.39,2.60,1.52
6557,2.42,2.29,1.71
6563,2.27,1.56,1.63
6569,2.13,0.29,1.29
6573,2.07,-0.35,1.08
6579,2.03,-0.46,0.87
6582,2.09,-0.54,0.74
6587,2.19,-0.59,0.51
6592,2.25,-0.44,0.30
6598,2.27,-0.14,0.11
6602,2.51,-0.11,0.14
6611,2.93,0.14,0.35
6612,3.11,1.11,0.47
6617,2.95,1.92,0.58
6626,2.95,1.95,0.59
6627,2.86,1.83,0.52
6634,2.74,1.55,0.36
6637,2.56,1.25,0.20
6641,2.34,0.98,0.03
6647,2.11,0.76,-0.17
6652,1.91,0.63,-0.30
6659,1.76,0.53,-0.36
6662,1.61,0.53,-0.28
6667,1.49,0.73,-0.12
6675,1.34,0.99,0.08
6676,1.25,1.02,0.28
6682,1.14,0.89,0.47
6687,0.95,0.70,0.64
6694,0.90,0.21,0.71
6698,1.03,-0.45,0.56
6702,1.16,-0.53,0.40
6715,1.31,0.10,0.60
6717,1.51,0.56,0.78
6717,1.60,0.87,0.96
6723,1.61,1.14,1.12
6727,1.54,1.36,1.20
6732,1.46,1.55,1.24
6738,1.40,1.70,1.20
6744,1.38,1.77,1.13
6749,1.39,1.72,0.99
6752,1.42,1.44,0.85
6758,1.39,0.82,0.77
6762,1.15,0.01,0.72
6767,1.09,-1.01,0.86
6775,1.40,-1.85,1.13
6778,2.00,-2.20,1.57
6789,2.52,-1.42,1.76
6789,2.55,-0.56,1.80
6794,2.47,0.06,1.95
6798,2.14,0.75,1.94
6802,1.49,1.56,1.68
6808,0.49,2.37,1.18
6812,-0.74,2.91,0.54
6817,-1.59,2.71,-0.04
6825,-2.81,2.25,-0.79
6827,-4.00,1.52,-1.49
6832,-4.77,0.68,-2.03
6839,-5.45,-0.13,-2.46
6846,-6.06,-0.77,-2.77
6847,-6.50,-1.16,-2.97
6852,-6.67,-1.24,-3.10
6858,-6.71,-1.14,-3.16
6862,-8.49,-7.67,-3.58
6868,-0.73,-17.45,-3.51
6874,4.79,-5.89,-3.17
6879,-1.32,3.83,-1.33
6882,-3.79,4.59,-2.04
6888,-3.95,8.59,-1.65
6892,-4.78,14.26,-0.03
6901,-5.15,15.93,0.29
6903,-4.99,14.66,0.11
6908,-4.26,11.06,0.05
6914,-4.34,6.12,-0.19
6919,-4.86,-3.00,-0.59
6923,-3.46,-10.38,-0.34
6929,-3.73,-11.05,-0.19
6932,-1.92,-9.03,-0.27
6941,-0.79,-7.77,-0.66
6947,-1.11,-6.35,-0.19
6948,-1.25,-4.62,0.39
6953,-0.68,-1.98,0.65
6958,0.14,0.63,0.78
6964,0.67,2.41,0.84
6968,1.01,3.22,0.79
6976,1.33,3.14,0.71
6978,1.68,2.37,0.61
6982,2.02,1.30,0.47
6988,2.30,0.21,0.29
6993,2.52,-0.68,0.10
6998,2.67,-1.18,-0.12
7002,2.70,-1.34,-0.37
7010,2.60,-1.18,-0.64
7013,2.43,-0.65,-1.12
7021,2.16,-0.16,-1.70
7026,1.91,0.05,-2.10
7030,1.76,-0.13,-2.25
7033,1.66,-0.43,-2.41
7038,1.59,-0.70,-2.50
7043,1.65,-1.14,-2.41
7048,1.60,-1.29,-2.29
7053,1.78,-0.89,-1.96
7060,2.14,-0.41,-1.56
7064,2.43,0.06,-1.20
7069,2.61,0.24,-1.12
7080,2.70,0.15,-1.21
7081,2.82,0.11,-1.23
7083,2.90,0.21,-1.29
7095,2.94,0.32,-1.36
7096,2.94,0.38,-1.42
7098,2.91,0.51,-1.42
7103,2.87,0.73,-1.34
7108,2.76,0.91,-1.24
7114,2.57,0.87,-1.09
7118,2.29,0.68,-0.93
7125,1.94,0.43,-0.77
7129,1.65,0.10,-0.66
7135,1.43,-0.07,-0.59
7142,1.31,-0.04,-0.52
7143,1.39,0.28,-0.43
7148,1.74,1.08,-0.36
7153,1.90,1.90,-0.31
7164,1.85,1.99,-0.25
7166,1.71,1.75,-0.19
7169,1.61,1.52,-0.19
7175,1.63,1.36,-0.19
7179,1.74,1.28,-0.20
7184,1.82,1.20,-0.20
7191,1.84,1.06,-0.15
7196,1.81,0.87,-0.07
7199,1.77,0.66,0.00
7205,1.70,0.50,0.06
7210,1.62,0.41,0.12
7214,1.55,0.37,0.18
7218,1.46,0.37,0.23
7225,1.35,0.45,0.27
7231,1.22,0.56,0.29
7234,1.10,0.66,0.29
7240,1.02,0.72,0.27
7243,0.97,0.85,0.23
7249,0.90,1.07,0.16
7254,0.80,1.28,0.11
7259,0.77,1.31,0.13
7264,0.79,1.39,0.17
7269,0.57,1.63,0.09
7274,0.26,1.49,0.10
7279,-0.17,1.11,0.12
7283,-0.59,0.28,0.18
7291,-0.90,-0.49,0.39
7294,-1.95,-0.29,-0.19
7299,-3.01,-0.58,-0.44
7305,-3.83,-1.05,-0.57
7310,-4.71,-1.38,-0.79
7314,-5.57,-1.37,-0.93
7319,-6.38,-1.14,-1.06
7324,-7.04,-0.93,-1.12
7330,-7.63,-0.85,-1.10
7335,-8.15,-1.07,-1.00
7340,-8.57,-1.59,-0.79
7344,-5.31,-0.77,-0.98
7350,1.67,3.83,-1.28
7356,-0.21,1.31,-0.12
7360,-1.82,2.75,1.39
7365,-1.65,1.59,1.27
7371,-2.18,1.11,2.80
7375,-4.74,-0.56,2.22
7380,-7.58,-6.15,0.43
7384,-10.43,-11.70,0.39
7391,-12.46,-14.97,0.76
7395,-10.11,-8.21,0.38
7400,-4.57,-1.50,-0.01
7407,-2.28,-2.67,-0.31
7409,-3.23,-0.36,-0.23
7415,-2.06,1.93,-0.13
7419,0.39,2.99,-0.15
7425,1.32,3.48,0.15
7429,1.77,3.68,0.52
7438,2.28,3.77,0.88
7443,2.51,3.71,1.14
7445,2.57,3.45,1.14
7450,2.51,2.63,1.05
7457,2.31,1.50,0.80
7459,1.97,0.38,0.45
7465,1.55,-0.86,0.03
7470,1.13,-1.83,-0.30
7475,0.68,-2.40,-0.55
7480,0.29,-2.76,-0.72
7485,0.07,-2.90,-0.76
7494,0.02,-2.94,-0.75
7496,0.10,-2.88,-0.72
7500,0.26,-2.76,-0.72
7507,0.31,-2.29,-0.63
7511,0.57,-1.67,-0.43
7515,0.95,-0.88,-0.18
7520,1.38,0.06,0.09
7525,1.73,1.05,0.29
7530,1.93,1.86,0.46
7535,2.06,2.31,0.56
7540,2.40,1.92,0.56
7545,2.88,1.13,0.39
7551,2.93,1.29,0.27
7556,2.84,1.75,0.27
7559,2.90,1.77,0.28
7564,2.97,1.70,0.28
7574,2.72,1.43,0.28
7575,2.28,0.60,0.37
7579,2.16,0.46,0.63
7585,1.84,0.55,0.89
7591,1.65,0.37,1.01
7594,1.55,0.13,1.08
7602,1.49,-0.08,1.14
7608,1.54,-0.34,1.23
7610,1.68,-0.58,1.27
7615,1.85,-0.85,1.20
7622,2.01,-1.16,1.11
7625,2.13,-1.31,1.05
7630,2.21,-1.30,1.01
7635,2.27,-1.20,1.02
7641,2.35,-0.92,1.07
7645,2.58,-0.60,1.19
7651,3.05,-0.20,1.46
7656,3.24,1.32,1.37
7660,2.92,2.56,1.40
7666,2.72,2.84,1.62
7674,2.61,2.57,1.72
7675,2.29,2.18,1.68
7681,1.85,1.69,1.57
7685,1.30,0.99,1.31
7690,0.66,0.35,0.95
7696,-0.11,-0.24,0.49
7702,-0.95,-0.81,0.01
7706,-1.79,-1.28,-0.42
7711,-2.63,-1.57,-0.76
7716,-3.39,-1.62,-1.01
7723,-4.02,-1.44,-1.16
7725,-4.53,-1.13,-1.22
7731,-4.92,-0.86,-1.17
7736,-5.18,-0.71,-1.03
7740,-5.32,-0.70,-0.85
7745,-5.37,-0.83,-0.67
7751,-5.39,-1.11,-0.50
7756,-5.41,-1.49,-0.35
7761,-5.44,-1.90,-0.23
7766,-5.45,-2.24,-0.16
7771,-5.49,-2.45,-0.12
7776,-5.60,-2.51,-0.09
7781,-6.91,3.49,0.15
7786,-1.50,5.63,-0.83
7790,0.52,2.84,1.09
7796,-2.01,3.81,0.79
7801,-2.43,-0.81,-0.14
7807,-2.25,-6.37,0.03
7811,-3.04,-11.85,0.21
7816,-5.57,-15.54,-0.79
7822,-7.51,-16.58,-1.15
7827,-7.72,-16.37,-1.03
7832,-8.00,-15.59,-0.36
7836,-9.20,-11.80,0.68
7840,-5.47,-0.17,1.19
7847,-0.22,4.10,0.58
7851,1.96,5.64,0.54
7857,1.75,8.44,1.14
7861,1.65,7.00,1.44
7867,2.68,6.23,1.39
7874,3.57,6.22,1.45
7877,3.55,5.50,1.83
7881,3.29,3.72,1.98
7890,3.18,2.06,1.74
7895,2.85,1.00,1.26
7897,2.23,0.38,0.78
7902,1.56,-0.31,0.48
7908,1.03,-0.87,0.30
7912,0.71,-1.02,0.24
7918,0.62,-0.98,0.08
7923,0.77,-0.95,-0.07
7928,1.03,-0.94,-0.21
7932,1.26,-0.76,-0.21
7939,1.50,-0.41,-0.07
7941,1.72,0.00,0.17
7947,1.95,0.41,0.36
7956,2.14,0.62,0.32
7957,2.26,0.87,0.24
7962,2.35,1.08,0.15
7967,2.41,1.15,0.07
7973,2.49,1.18,-0.04
7977,2.55,1.10,-0.15
7982,2.62,1.01,-0.28
7986,2.68,0.84,-0.41
7991,2.72,0.66,-0.50
7997,2.77,0.59,-0.59
8002,2.85,0.27,-0.65
8009,2.91,-0.12,-0.74
8012,2.89,-0.30,-0.80
8016,2.86,-0.46,-0.81
8026,2.79,-0.50,-0.78
8027,2.65,-0.33,-0.80
8031,2.53,-0.06,-0.85
8038,2.46,0.43,-0.92
8041,2.40,0.96,-1.05
8047,2.40,1.45,-1.17
8053,2.41,1.80,-1.33
8057,2.44,1.99,-1.49
8063,2.48,1.97,-1.61
8067,2.53,1.77,-1.71
8075,2.58,1.29,-1.74
8078,2.38,0.84,-1.74
8082,1.94,0.30,-1.62
8088,1.75,-0.66,-1.56
8092,1.57,-1.23,-1.58
8097,1.26,-1.32,-1.51
8102,1.14,-1.05,-1.40
8107,1.18,-0.44,-1.35
8112,1.18,0.34,-1.34
8117,1.11,1.00,-1.28
8122,0.90,1.42,-1.23
8128,0.68,1.78,-1.19
8132,0.48,2.34,-1.12
8138,0.33,3.11,-1.09
8142,0.20,3.90,-1.08
8149,0.03,4.37,-1.01
8153,-0.35,4.33,-0.89
8157,-0.96,3.51,-0.80
8163,-1.73,2.22,-0.75
8167,-2.58,0.67,-0.75
8173,-3.43,-0.83,-0.76
8178,-4.31,-2.14,-0.81
8182,-5.20,-3.27,-0.88
8193,-6.06,-4.16,-0.91
8194,-6.71,-4.91,-0.87
8198,0.51,-12.69,-0.58
8205,7.58,-7.98,1.43
8207,-1.88,-2.18,0.22
8212,-4.03,-2.95,-1.73
8219,-5.21,-0.51,1.76
8223,-6.42,6.58,4.53
8228,-7.11,10.72,2.73
8232,-8.81,10.24,2.06
8238,-9.62,7.54,2.51
8244,-9.55,4.65,2.64
8247,-8.62,1.36,2.51
8256,-9.30,-4.44,1.92
8257,-6.29,-6.18,1.40
8263,-2.12,-5.31,1.20
8268,-2.11,-5.51,1.39
8273,-2.05,-4.70,1.26
8279,-1.17,-2.74,0.51
8283,-0.24,-0.62,-0.10
8288,0.18,1.17,-0.30
8293,0.33,2.63,-0.39
8298,0.43,3.49,-0.23
8303,0.38,2.59,0.58
8307,0.57,0.96,1.21
8313,0.90,0.52,0.91
8318,1.16,-0.05,0.57
8324,1.35,-0.56,0.33
8328,1.48,-0.99,0.09
8333,1.59,-1.30,-0.12
8340,1.69,-1.47,-0.28
8343,1.77,-1.56,-0.41
8348,1.86,-1.57,-0.46
8354,1.99,-1.48,-0.47
8357,2.15,-1.29,-0.44
8362,2.34,-1.01,-0.42
8368,2.53,-0.63,-0.44
8374,2.73,-0.21,-0.47
8378,2.92,0.20,-0.52
8383,3.09,0.59,-0.58
8391,3.26,0.93,-0.65
8397,3.44,1.18,-0.73
8398,3.62,1.30,-0.81
8404,3.80,1.34,-0.91
8408,4.01,1.37,-1.02
8414,4.23,1.31,-1.14
8418,4.49,1.18,-1.27
8423,4.72,0.95,-1.44
8429,4.84,0.61,-1.61
8435,4.85,0.32,-1.73
8442,4.60,-0.11,-1.61
8444,4.08,-0.97,-1.16
8452,3.71,-1.60,-1.35
8456,3.28,-1.74,-1.86
8458,2.70,-1.61,-1.98
8463,2.23,-0.85,-1.80
8470,2.04,0.02,-1.72
8475,1.95,0.77,-1.85
8481,1.92,1.51,-1.88
8484,1.63,2.08,-1.83
8490,1.34,2.23,-1.76
8493,1.12,2.04,-1.67
8498,0.85,1.74,-1.55
8506,0.67,1.40,-1.38
8508,0.59,1.08,-1.28
8513,0.49,0.91,-1.20
8521,0.43,0.77,-1.15
8527,0.36,0.66,-1.06
8530,0.28,0.57,-0.94
8534,0.09,0.53,-0.84
8540,-0.15,0.47,-0.77
8545,-0.35,0.42,-0.71
8548,-0.50,0.45,-0.64
8556,-0.70,0.53,-0.59
8559,-1.05,0.57,-0.59
8563,-1.54,0.43,-0.64
8569,-2.12,0.08,-0.68
8582,-2.79,-0.39,-0.73
8583,-3.52,-0.83,-0.83
8585,-4.27,-1.13,-0.96
8590,-4.98,-1.15,-1.08
8593,-5.63,-0.76,-1.16
8599,-6.27,-0.09,-1.19
8605,-6.84,0.36,-1.15
8610,-7.26,0.70,-1.08
8614,-7.84,-5.53,-1.38
8618,-1.14,-4.32,-0.53
8624,-0.60,0.16,0.20
8630,-1.82,3.60,-0.96
8634,-1.15,2.97,-0.84
8642,-2.98,2.90,0.83
8644,-6.51,5.90,1.81
8649,-7.60,7.69,2.09
8655,-7.40,7.07,2.22
8659,-6.69,4.98,2.57
8663,-5.78,2.89,3.08
8670,-5.74,4.49,2.57
8675,-2.51,3.80,1.58
8680,-0.15,-2.53,1.16
8684,-0.46,-5.76,1.44
8690,0.11,-5.62,1.07
8700,1.25,-5.27,0.64
8702,1.71,-4.75,0.55
8705,1.91,-3.87,0.52
8710,2.18,-2.78,0.56
8714,2.39,-1.67,0.64
8719,2.49,-0.73,0.78
8724,2.53,-0.05,0.92
8730,2.59,0.37,1.08
8734,2.67,0.61,1.18
8741,2.65,0.79,1.25
8744,2.51,0.97,1.33
8749,2.22,1.12,1.36
8755,2.06,1.12,1.29
8767,2.17,0.78,1.33
8769,2.38,0.47,1.48
8770,2.43,0.55,1.50
8776,2.09,0.41,1.46
8780,2.04,0.40,1.36
8785,1.99,0.47,1.22
8790,1.95,0.59,1.10
8795,1.93,0.65,1.00
8800,1.91,0.70,0.90
8806,1.87,0.68,0.79
8810,1.82,0.59,0.72
8814,1.76,0.46,0.65
8822,1.73,0.32,0.63
8825,1.71,0.17,0.66
8830,1.69,0.02,0.71
8835,1.66,-0.08,0.76
8839,1.64,-0.02,0.79
8845,1.67,0.17,0.80
8849,1.69,0.45,0.80
8857,1.71,0.75,0.80
8860,1.72,1.04,0.78
8864,1.73,1.30,0.73
8872,1.69,1.50,0.66
8880,1.47,1.25,0.57
8882,1.43,0.99,0.42
8885,1.46,0.70,0.27
8890,1.49,0.40,0.14
8897,1.52,0.09,0.02
8901,1.56,-0.25,-0.09
8906,1.59,-0.52,-0.19
8911,1.61,-0.65,-0.28
8916,1.58,-0.56,-0.34
8922,1.54,-0.31,-0.42
8925,1.51,-0.06,-0.50
8937,1.50,0.25,-0.62
8940,1.38,0.44,-0.78
8942,1.27,0.39,-0.94
8945,1.27,0.19,-1.09
8950,1.52,-0.39,-1.23
8957,1.51,-1.03,-1.44
8961,1.39,-1.34,-1.57
8964,1.07,-1.07,-1.81
8973,0.57,-0.67,-2.13
8975,0.04,-0.42,-2.28
8981,-0.38,-0.10,-2.32
8985,-0.96,0.46,-2.37
8990,-1.54,1.23,-2.39
9000,-1.99,2.06,-2.45
9002,-2.41,2.73,-2.60
9008,-2.88,3.10,-2.78
9010,-3.31,3.09,-2.97
9016,-3.65,2.79,-3.15
9020,-4.00,2.40,-3.31
9025,-4.37,1.93,-3.45
9031,-4.70,1.37,-3.54
9036,-4.99,0.75,-3.58
9042,-5.33,-0.13,-3.45
9045,-10.13,-12.21,-2.20
9051,-5.52,-17.45,-1.61
9060,-0.52,-15.36,-1.98
9062,-1.80,-7.59,-0.88
9066,-3.92,-8.44,-1.59
9073,-4.92,-8.01,-2.38
9076,-6.80,-4.11,-2.06
9081,-6.11,4.46,-0.83
9086,-2.63,13.32,0.46
9091,-1.57,12.50,1.71
9096,-1.64,11.51,2.12
9100,-1.73,12.31,2.86
9107,-1.64,12.68,3.30
9111,-1.73,11.89,3.35
9121,-1.80,9.99,3.53
9123,-1.74,7.33,3.54
9127,-1.62,4.17,3.35
9132,-1.44,1.03,2.92
9137,-1.28,-1.56,2.36
9142,-1.01,-3.57,1.78
9147,-0.67,-4.98,1.22
9150,-0.32,-5.83,0.68
9156,0.01,-6.23,0.14
9161,0.24,-6.34,-0.61
9166,0.39,-6.09,-1.37
9173,0.44,-5.44,-1.70
9182,0.54,-4.70,-1.59
9184,0.93,-4.37,-1.01
9187,1.39,-4.17,-0.31
9192,1.75,-4.00,0.05
9197,1.89,-3.66,0.16
9201,1.89,-3.21,0.36
9207,1.91,-3.14,0.70
9211,1.75,-3.24,0.97
9216,1.48,-3.16,0.85
9222,1.24,-2.99,0.64
9227,1.16,-3.00,0.74
9234,1.34,-3.46,1.07
9241,1.44,-3.82,1.48
9242,1.16,-3.31,1.41
9247,0.74,-2.91,0.90
9252,0.27,-2.89,0.69
9256,-0.13,-2.60,0.75
9261,-0.18,-2.55,0.65
9267,-0.11,-2.63,0.47
9273,-0.06,-2.65,0.35
9277,-0.06,-2.62,0.28
9282,-0.10,-2.67,0.18
9288,-0.10,-2.85,0.05
9293,-0.03,-3.19,-0.05
9297,0.10,-3.73,-0.09
9302,0.20,-4.43,-0.12
9308,0.23,-5.21,-0.14
9312,0.20,-6.03,-0.21
9318,0.14,-6.83,-0.30
9323,0.07,-7.50,-0.40
9327,-0.02,-8.02,-0.50
9332,-0.11,-8.33,-0.59
9341,-0.14,-8.30,-0.65
9342,-0.03,-7.87,-0.71
9347,0.04,-7.31,-0.79
9353,0.04,-6.80,-0.87
9357,0.02,-6.38,-0.95
9362,-0.06,-6.07,-0.98
9368,-0.20,-5.86,-0.98
9374,-0.35,-5.72,-0.98
9376,-0.49,-5.60,-0.95
9382,-0.61,-5.51,-0.88
9389,-0.73,-5.49,-0.80
9391,-0.84,-5.58,-0.71
9397,-0.93,-5.83,-0.62
9402,-1.05,-6.20,-0.59
9408,-1.17,-6.53,-0.52
9418,-1.28,-6.89,-0.45
9420,-1.39,-7.54,-0.50
9422,-1.54,-8.21,-0.66
9427,-1.65,-8.41,-0.74
9433,-1.63,-8.45,-0.79
9440,-1.55,-8.64,-0.82
9441,-1.47,-8.90,-0.79
9447,-1.40,-9.14,-0.79
9452,-1.43,-9.17,-0.77
9460,-1.68,-8.84,-0.74
9462,-1.55,-9.00,-0.64
9471,-1.53,-8.94,-0.58
9473,-1.55,-8.81,-0.45
9477,-1.62,-8.70,-0.36
9483,-1.70,-8.64,-0.29
9488,-1.76,-8.50,-0.19
9492,-1.81,-8.30,-0.08
9497,-1.83,-8.10,0.05
9502,-1.83,-7.91,0.18
9507,-1.84,-7.82,0.30
9512,-1.86,-7.80,0.41
9517,-1.86,-7.79,0.50
9523,-1.86,-7.76,0.59
9529,-1.83,-7.75,0.68
9531,-1.79,-7.70,0.74
9538,-1.74,-7.62,0.79
9543,-1.67,-7.47,0.83
9548,-1.57,-7.22,0.86
9555,-1.42,-6.88,0.89
9559,-1.27,-6.45,0.88
9563,-1.15,-5.93,0.88
9568,-1.06,-5.42,0.89
9573,-0.98,-4.99,0.86
9578,-0.88,-4.57,0.82
9585,-0.74,-4.11,0.77
9596,-0.55,-3.64,0.72
9598,-0.36,-3.16,0.67
9599,-0.23,-2.72,0.63
9604,-0.16,-2.36,0.60
9609,-0.13,-2.04,0.57
9614,-0.10,-1.73,0.55
9618,-0.05,-1.44,0.53
9623,0.00,-1.16,0.53
9628,0.02,-0.94,0.52
9633,0.01,-0.81,0.52
9646,0.02,-0.76,0.52
9647,0.08,-0.75,0.54
9648,0.18,-0.75,0.57
9653,0.29,-0.75,0.59
9659,0.39,-0.74,0.63
9663,0.48,-0.76,0.66
9669,0.56,-0.77,0.68
9674,0.62,-0.75,0.70
9678,0.67,-0.67,0.70
9683,0.69,-0.60,0.68
9691,0.69,-0.56,0.64
9701,0.69,-0.53,0.61
9702,0.69,-0.49,0.59
9704,0.68,-0.46,0.56
9709,0.66,-0.45,0.53
9713,0.62,-0.47,0.51
9718,0.57,-0.53,0.48
9723,0.51,-0.64,0.45
9728,0.46,-0.77,0.42
9733,0.43,-0.88,0.40
9739,0.41,-0.99,0.40
9743,0.38,-1.10,0.39
9753,0.35,-1.19,0.39
9754,0.33,-1.27,0.39
9760,0.29,-1.31,0.39
9763,0.26,-1.33,0.39
9768,0.22,-1.34,0.38
9774,0.20,-1.34,0.36
9779,0.18,-1.34,0.34
9784,0.15,-1.39,0.31
9789,0.11,-1.48,0.26
9794,0.07,-1.59,0.21
9798,0.03,-1.72,0.16
9806,-0.01,-1.85,0.13
9809,-0.02,-2.01,0.12
9813,-0.01,-2.18,0.10
9818,0.02,-2.31,0.10
9823,0.06,-2.44,0.11
9828,0.09,-2.56,0.13
9833,0.11,-2.67,0.14
9840,0.15,-2.73,0.16
9843,0.19,-2.75,0.19
9848,0.25,-2.73,0.22
9855,0.30,-2.67,0.25
9859,0.34,-2.56,0.28
9863,0.36,-2.44,0.32
9868,0.39,-2.31,0.34
9874,0.41,-2.18,0.36
9886,0.44,-2.06,0.37
9887,0.46,-1.91,0.38
9889,0.46,-1.78,0.39
9893,0.43,-1.76,0.39
9899,0.41,-1.78,0.40
9904,0.41,-1.81,0.40
9909,0.42,-1.86,0.40
9914,0.45,-1.91,0.42
9922,0.49,-1.94,0.44
9927,0.52,-1.97,0.47
9928,0.56,-1.97,0.50
9937,0.60,-1.96,0.51
9940,0.63,-1.92,0.52
9944,0.64,-1.85,0.52
9949,0.65,-1.77,0.52
9956,0.64,-1.63,0.53
9960,0.62,-1.51,0.54
9964,0.59,-1.39,0.56
9969,0.55,-1.27,0.58
9974,0.50,-1.19,0.58
9979,0.47,-1.15,0.58
9984,0.44,-1.14,0.58
9989,0.41,-1.14,0.58
9994,0.38,-1.15,0.58
